t	K	U	E	T	P
20	761.358223866237	-5888.540086014576	-5127.181862148341	0.5874677653288868	5.535879679090953
40	436.10479501081954	-5293.119609228119	-4857.014814217298	0.33650061343427423	2.9083895348168474
60	486.0400962282723	-5313.896825615981	-4827.856729387709	0.37503093844774105	3.062762041359455
80	528.896041444438	-5325.415858586087	-4796.5198171416505	0.40809879741083177	3.1407926036108016
100	549.261903263898	-5320.210683404507	-4770.9487801406085	0.4238131969628842	3.105909652097517
120	571.0331256909957	-5314.053428882623	-4743.020303191628	0.44061197969984234	3.065880355855147
140	608.5122555874518	-5319.013516087647	-4710.501260500196	0.46953106141007084	3.140451199411434
160	614.2826700328305	-5305.311467199227	-4691.028797166397	0.47398354169199897	3.0903948712823737
180	608.6150893032161	-5290.634031112958	-4682.01894180974	0.46961040841297547	2.9809856598710796
200	617.4214009005561	-5283.536346563785	-4666.114945663227	0.4764054019294415	2.925283471603982
220	643.5246331140604	-5299.64698368189	-4656.12235056783	0.49654678481023184	3.020580526884761
240	643.7727227015649	-5283.16427018729	-4639.391547485724	0.4967382119610839	2.913391224409886
260	657.1723727078551	-5291.916300592841	-4634.743927884987	0.5070774480770486	2.988043278858005
280	657.6129418737686	-5270.739730401974	-4613.126788528205	0.5074173934211178	2.854481737811339
300	659.2031800239749	-5258.381519386704	-4599.1783393627275	0.5086444290308447	2.800099267074245
320	707.2610074705196	-5285.548024426835	-4578.287016956316	0.5457260860112034	3.0333319549414863
340	709.7270906919223	-5273.050560244139	-4563.323469552215	0.5476289280030265	2.9696450221626005
360	701.7138244650109	-5251.526692173682	-4549.812867708671	0.5414458522106568	2.8116202989774997
380	682.9243490506901	-5227.618100529677	-4544.693751478986	0.5269478001934337	2.6345508629064263
400	717.5709828160755	-5251.343982495676	-4533.772999679601	0.5536813139012927	2.7990762356732675
420	721.0615109722596	-5241.767584357893	-4520.706073385632	0.5563746226637806	2.7697637082153017
440	722.1074902092759	-5232.3796062421825	-4510.272116032907	0.5571817054083918	2.720307886185144
460	718.5254911327381	-5220.72711583163	-4502.2016246988915	0.5544178172320511	2.6557252209937325
480	727.2153972258714	-5231.063586490936	-4503.848189265066	0.5611229916866292	2.7291822147410283
500	737.9074696780077	-5226.875213154121	-4488.967743476114	0.5693730475910553	2.703393420197293
520	746.6940585253278	-5222.488954241585	-4475.794895716256	0.5761528229362097	2.6721003486100443
540	732.759845889839	-5197.5752615853025	-4464.815415695465	0.5654011156557399	2.520948704724259
560	754.661214757578	-5212.589489819655	-4457.928275062077	0.5823003200289955	2.6012878372059367
580	758.0763219975912	-5205.361616483005	-4447.285294485412	0.5849354336401167	2.5640537077623504
600	762.9390209638839	-5207.147768088518	-4444.208747124635	0.5886875161758366	2.562881074912617
620	770.4063852076986	-5200.109186519006	-4429.702801311307	0.5944493713022366	2.526522465105447
640	778.5699762085734	-5206.997783635297	-4428.427807426725	0.6007484384325412	2.6049749239547793
660	775.1506562245819	-5194.311412000149	-4419.160755775568	0.5981100742473624	2.549516099188022
680	783.06853052144	-5198.052464391085	-4414.983933869645	0.6042195451554322	2.5545205765349266
700	778.8749957221444	-5190.390909348453	-4411.515913626307	0.6009837929954818	2.4742054585816295
720	770.1838250889202	-5173.928367087083	-4403.744541998163	0.5942776428155248	2.3890722351733524
740	780.2753989088367	-5179.7572565013925	-4399.481857592555	0.6020643510099047	2.4534847848722334
760	809.7853566271984	-5199.2013054619765	-4389.415948834779	0.624834380113579	2.5719523228786425
780	791.1961619862404	-5175.294960743309	-4384.098798757069	0.6104908657301237	2.410966698614085
800	778.2695883876096	-5158.08567313948	-4379.816084751871	0.6005166577064888	2.2844573079926844
820	786.4949047860051	-5156.052619099889	-4369.557714313885	0.6068633524583371	2.242021628824042
840	787.9001292735992	-5148.433413490169	-4360.53328421657	0.607947630612345	2.197939289201172
860	822.8243150560759	-5178.6538670988775	-4355.829552042802	0.6348953048272188	2.4200215753102308
880	810.9921277751848	-5160.1869063748745	-4349.194778599691	0.6257655306907289	2.3072462227049293
900	814.9204909496405	-5151.879444285432	-4336.958953335789	0.6287966751154636	2.2463560898077413
920	802.4258376705454	-5133.178847231875	-4330.753009561329	0.619155738943322	2.0991833362491072
940	810.5924060575422	-5146.593908526365	-4336.001502468823	0.6254571034394616	2.188817350300336
960	809.3367574546517	-5142.511059308101	-4333.174301853449	0.6244882387767376	2.176161716816548
980	816.0302769567177	-5135.480100498093	-4319.449823541375	0.629652991478949	2.1085774588105854
1000	806.6678280484547	-5134.472316458916	-4327.80448841046	0.6224288796670175	2.074339000103145
1020	806.4916596865585	-5142.224155479641	-4335.732495793083	0.6222929472890113	2.160397734337431
1040	809.8575261110758	-5153.173293216828	-4343.315767105751	0.6248900664437314	2.2433872460841013
1060	796.4575742440154	-5127.997294130553	-4331.5397198865385	0.6145505974105057	2.049279669865798
1080	813.5387807204704	-5134.796008412927	-4321.257227692457	0.6277305406793754	2.0869210293986007
1100	801.7566026031594	-5128.406747642629	-4326.65014503947	0.6186393538604626	2.026200874007126
1120	819.7140965494054	-5135.309023646236	-4315.594927096829	0.6324954448683685	2.098928421698017
1140	818.245460644923	-5121.053082638406	-4302.807621993483	0.6313622381519468	2.0091380345780845
1160	828.2420255121897	-5119.6133012904265	-4291.371275778236	0.6390756369692822	1.9460058630980839
1180	817.6059410550508	-5110.08897986479	-4292.483038809738	0.6308687816782801	1.8852802692433133
1200	838.6172337605205	-5124.012054862775	-4285.394821102254	0.6470811988892905	2.0015781743090857
1220	827.8118656661221	-5108.933877118664	-4281.12201145254	0.6387437235078103	1.925787285151155
1240	818.9847369650435	-5087.654023701003	-4268.66928673596	0.6319326674112989	1.7972963247062794
1260	819.8819369493318	-5069.582906505102	-4249.700969555768	0.632624951349793	1.6714660864156259
1280	856.1453562752324	-5097.713798447202	-4241.568442171971	0.6606059847802719	1.886804083285791
1300	817.5736607096737	-5047.067392502477	-4229.493731792803	0.6308438740043778	1.5829562042365617
1320	851.0324354006716	-5069.931460374942	-4218.899024974269	0.6566608297844687	1.727208375153771
1340	880.8550031942638	-5084.123026708881	-4203.268023514617	0.679672070365944	1.8216320520572484
1360	854.4589721312568	-5053.935140629577	-4199.476168498321	0.6593047624469573	1.5944039993770267
1380	853.8559174543565	-5041.82489915481	-4187.968981700453	0.6588394424802134	1.5075339947538278
1400	874.3959192349524	-5055.173541242993	-4180.777622008042	0.6746882092862286	1.578031490871066
1420	866.2329330832541	-5043.917768923648	-4177.684835840393	0.6683896088605354	1.5233497746234046
1440	853.5461740908206	-5021.083620250309	-4167.537446159489	0.6586004429713121	1.420166598261935
1460	883.4127974011433	-5037.24079606721	-4153.827998666066	0.681645677007055	1.5100810659487482
1480	879.7662682874637	-5023.075297227385	-4143.30902893992	0.6788319971353889	1.4217378598092794
1500	854.8034378254081	-5000.335925222271	-4145.532487396862	0.6595705538776298	1.2633428670823348
1520	875.2308695905671	-5012.065067709003	-4136.834198118436	0.6753324611038327	1.3694808756754768
1540	887.2711849665671	-5022.354238351168	-4135.0830533846	0.6846228279063016	1.4150538203447312
1560	856.954017690733	-4995.351590610823	-4138.397572920091	0.661229951921862	1.2125226228891919
1580	866.0985303609965	-5008.584030133063	-4142.485499772066	0.6682859030563245	1.324376844278612
1600	864.4528789592539	-5006.709195681018	-4142.256316721765	0.6670161103080662	1.325355215964152
1620	864.587368639512	-4999.094325058373	-4134.506956418862	0.6671198832095	1.2831221359505698
1640	882.5453696190519	-5011.772294427307	-4129.226924808255	0.6809763654467993	1.4047980085284626
1660	862.2433340308577	-4994.683088079584	-4132.439754048727	0.6653112145299828	1.257966963853095
1680	872.7908833821032	-4997.438598978261	-4124.6477155961575	0.673449755696067	1.2976078204852854
1700	896.8650678850474	-5009.448811289395	-4112.583743404347	0.6920255153434007	1.3793567515293972
1720	894.0077421891405	-4993.530487033813	-4099.522744844672	0.6898207887261887	1.250139045842615
1740	879.9678975931918	-4980.694247801603	-4100.726350208412	0.6789875753033889	1.1127910833804697
1760	882.1729281443124	-4977.988693346095	-4095.8157652017826	0.680688987765673	1.1117658609201087
1780	909.6234635400015	-5004.734170756763	-4095.1107072167606	0.7018699564351863	1.270652897695231
1800	903.1603679842121	-4998.48385383518	-4095.3234858509663	0.6968829999878181	1.2444601054568023
1820	881.7605188027998	-4973.317171122403	-4091.556652319602	0.6803707706811726	1.1283648087258669
1840	901.7906966935825	-4983.473667914219	-4081.682971220637	0.6958261548561594	1.1942390903797968
1860	944.1145681962869	-5012.929366902346	-4068.8147987060593	0.728483463114419	1.3768685725712193
1880	897.7675502879086	-4975.016596920874	-4077.2490466329664	0.6927218752221517	1.135563315563269
1900	877.1001479771361	-4957.3114785564585	-4080.2113305793223	0.6767748055379137	0.9984867772054129
1920	884.6989230708856	-4967.6223877249495	-4082.9234646540635	0.6826380579250662	1.0495401561105597
1940	874.4576722600492	-4972.08781663687	-4097.6301443768225	0.6747358582253467	1.1004379306478225
1960	897.4338335222794	-4986.466650759412	-4089.032817237133	0.6924643777178083	1.2203094921064728
1980	897.5646886596056	-4982.145515466094	-4084.580826806488	0.6925653461879672	1.1682310365549038
2000	902.3791404331935	-4992.3076953366635	-4089.92855490347	0.6962802009515381	1.1967111820720058
2020	876.5819601176194	-4963.896241015363	-4087.3142808977436	0.676374969226558	0.9893321927357827
2040	876.5482603308952	-4956.046316322843	-4079.498055991947	0.6763489663047034	0.9542135062443029
2060	872.1992099304205	-4952.411449178229	-4080.212239247811	0.6729932175389045	0.9279736474490315
2080	861.678445995123	-4941.381004503491	-4079.7025585083684	0.6648753441320394	0.8502971355268766
2100	872.0973692656504	-4956.223560483068	-4084.1261912174173	0.6729146367790513	0.9285987112220422
2120	864.3185060477824	-4953.567569235466	-4089.2490631876835	0.6669124275060048	0.9158388415291169
2140	878.8454991861081	-4956.964528427579	-4078.119029241472	0.6781215271497747	0.9298626728969502
2160	866.8346791527796	-4949.430165299498	-4082.595486146719	0.668853919099367	0.904453300281997
2180	870.342599232286	-4953.656257679819	-4083.3136584475324	0.6715606475557763	0.9532819661899765
2200	869.2206846679259	-4958.85504748301	-4089.634362815084	0.6706949727375973	0.9384425816677606
2220	868.8433850761669	-4943.846484060166	-4075.003098983999	0.6704038465093881	0.8675860444946822
2240	877.9094392879284	-4944.555012210896	-4066.6455729229683	0.6773992587098212	0.9062141329283374
2260	897.3247700922033	-4962.1005127298495	-4064.7757426376456	0.6923802238365766	1.0221083234457162
2280	879.5498289389076	-4940.700218633863	-4061.1503896949566	0.6786649914652063	0.8723598221188205
2300	882.9610952350904	-4945.923505127377	-4062.962409892286	0.6812971413851004	0.8813262826983179
2320	886.7345870513915	-4946.111046537237	-4059.376459485844	0.684208786305086	0.8526224924996988
2340	905.1338609602957	-4961.9897342536915	-4056.855873293396	0.6984057569138085	0.9604035481861442
2360	882.8761428463256	-4938.913361494999	-4056.037218648671	0.6812315917024118	0.814888975869375
2380	861.5914151043096	-4921.6573880028145	-4060.0659728985056	0.6648081906669056	0.6530826423886984
2400	856.9416680947219	-4918.44612913133	-4061.5044610366085	0.661220422912594	0.5830576888483535
2420	868.6331508046829	-4934.073988408766	-4065.4408376040838	0.670241628707317	0.6845386149376864
2440	869.8459690490193	-4934.05568211225	-4064.2097130632296	0.671177445253873	0.7675164721299412
2460	864.091442746016	-4926.124852733874	-4062.0334099878573	0.6667372243410619	0.7776940945363484
2480	882.1182739341486	-4935.890984683448	-4053.7727107493	0.6806468163072135	0.8329125714276204
2500	880.94093312608	-4918.878857479957	-4037.9379243538788	0.6797383743256789	0.7002335460040359
2520	889.0598225136306	-4919.575015957324	-4030.515193443692	0.6860029494703939	0.7281660993198672
2540	889.636037705349	-4900.158807244545	-4010.5227695391964	0.6864475599578308	0.6700602190345817
2560	895.0702714552983	-4896.369997675649	-4001.2997262203507	0.6906406415550143	0.6439298727518047
2580	889.2339714566958	-4880.823305687089	-3991.5893342303934	0.6861373236548578	0.5548150051454315
2600	900.2327089113345	-4868.803984909468	-3968.5712759981348	0.6946240037896099	0.4908227620512869
2620	900.0217385848194	-4867.213308449942	-3967.1915698651223	0.6944612180438422	0.4719121938594542
2640	918.3464768419055	-4880.873719671786	-3962.52724282988	0.7086006765755443	0.5384005198007251
2660	891.6295900354966	-4868.5232611447955	-3976.8936711092974	0.6879857947804757	0.45105303473150055
2680	900.8806323235664	-4886.801166926091	-3985.920534602524	0.6951239446941099	0.6028543152877798
2700	901.099490553617	-4893.638625098097	-3992.539134544479	0.6952928167851984	0.657309724633583
2720	913.3174360880428	-4911.782056624294	-3998.46462053625	0.7047202438950948	0.7705842012362407
2740	919.8579122559928	-4908.008936734113	-3988.1510244781216	0.7097669076049324	0.7029447831716609
2760	908.8006059617012	-4883.0099839161485	-3974.2093779544484	0.7012350354642757	0.5515507899894934
2780	896.6372122514913	-4861.782115174759	-3965.144902923268	0.6918497008113359	0.4298143242612585
2800	912.2031277224838	-4874.372800412314	-3962.16967268983	0.703860438057472	0.5559731574276523
2820	893.3851751073419	-4853.477510255696	-3960.0923351483552	0.6893404128914674	0.41857729574857566
2840	901.5479313448137	-4863.2374723366	-3961.6895409917875	0.6956388359142084	0.45456538472846575
2860	921.9925379576953	-4891.36197767517	-3969.3694397174754	0.711413995337728	0.6308950350017742
2880	898.3835702880972	-4870.341535511836	-3971.9579652237385	0.6931971992963712	0.5082086961961271
2900	896.0764911740828	-4866.073255829424	-3969.9967646553423	0.6914170456590145	0.45611307913921034
2920	907.5634584974665	-4887.292307997453	-3979.7288494999875	0.700280446371502	0.594059634807689
2940	896.4147967003522	-4873.27791822968	-3976.863121529328	0.6916780838737288	0.4962368309568698
2960	902.4814169480048	-4866.991604942813	-3964.5101879948065	0.6963591180154359	0.47619447092557127
2980	908.0617660936562	-4876.500502177003	-3968.4387360833484	0.7006649429735	0.5185802711488751
3000	910.0869070038631	-4889.587524537428	-3979.5006175335648	0.7022275517005117	0.5894282801649768
3020	915.5929195311746	-4879.976653413412	-3964.38373388224	0.7064760181567707	0.5574397951303025
3040	903.2456816180318	-4868.80958148787	-3965.563899869839	0.6969488284089753	0.47323706727027276
3060	902.2761237097491	-4863.783484427013	-3961.5073607172635	0.696200712739004	0.4092538672722883
3080	903.620981418233	-4860.181588889596	-3956.5606074713623	0.6972384115881428	0.42066688148696524
3100	904.8395082097526	-4859.271597713438	-3954.432089503686	0.6981786328778954	0.417296621935406
3120	905.2212668779127	-4863.1427839229245	-3957.9215170450116	0.698473199751476	0.45346842901294737
3140	916.7297834721273	-4878.891302136473	-3962.1615186643467	0.7073532279877526	0.5453053742660554
3160	911.0084560004749	-4880.355813979144	-3969.3473579786682	0.7029386234571564	0.5586356770181748
3180	905.0433591360792	-4867.724732849788	-3962.681373713708	0.6983359252593205	0.4188585505744051
3200	910.1734872876862	-4864.027214280262	-3953.8537269925773	0.7022943574750664	0.4107910724420492
3220	931.4836471399685	-4876.382377699187	-3944.8987305592177	0.7187373820524449	0.48307884886989727
3240	905.3612630605442	-4857.3500048284695	-3951.988741767924	0.6985812214973335	0.38640373523080823
3260	913.6777090743919	-4871.489181627929	-3957.8114725535365	0.7049982323104876	0.5138783716320816
3280	933.1113836492639	-4892.269831977117	-3959.158448327852	0.7199933515812222	0.6271945865179265
3300	908.288865723181	-4856.947286474964	-3948.658420751783	0.7008401741691211	0.3836665226835018
3320	906.0243144724785	-4856.554304710523	-3950.5299902380443	0.69909283524111	0.4162322799086476
3340	906.9078214952187	-4856.368684664688	-3949.460863169469	0.6997745536228538	0.4576651357807009
3360	895.1487938860321	-4839.077198340149	-3943.9284044541173	0.6907012298503333	0.3308092958131247
3380	930.2757963721278	-4884.470095746621	-3954.194299374491	0.7178053984352839	0.5774602517362599
3400	914.8422577672127	-4872.23019863177	-3957.3879408645566	0.705896803832726	0.48373816976458395
3420	907.8376085926897	-4867.878315419842	-3960.0407068271516	0.7004919819388037	0.45893595764746253
3440	913.365466618599	-4871.2875708485735	-3957.922104229976	0.7047573044896598	0.4618895789081279
3460	928.4164201614833	-4884.3879317727315	-3955.9715116112493	0.7163706945690457	0.543956224516599
3480	896.5997603671991	-4854.428964576494	-3957.8292042092944	0.6918208027524687	0.3575628378495951
3500	926.6838843206282	-4873.209887252048	-3946.5260029314195	0.7150338613585095	0.5086815650365253
3520	934.7964865863972	-4886.42022596654	-3951.623739380141	0.7212935853290103	0.6388839549181982
3540	908.1465692374675	-4852.423644983202	-3944.277075745735	0.700730377498046	0.3977748409162414
3560	901.3972489296196	-4850.737362737795	-3949.3401138081763	0.6955225686185335	0.3303452994092756
3580	901.7404389727802	-4851.349543796791	-3949.609104824011	0.6957873757506019	0.3462221269217478
3600	918.6442403490279	-4870.766931767377	-3952.1226914183508	0.7088304323680771	0.5003950900236295
3620	913.3652785097017	-4872.315043619963	-3958.949765110261	0.7047571593439057	0.4972776259138527
3640	935.41772664928	-4899.942334443133	-3964.5246077938536	0.7217729372293827	0.6326393700974348
3660	930.4278050862797	-4899.379825878836	-3968.952020792556	0.7179226891097834	0.6320856014959209
3680	912.8119732728452	-4877.22482055854	-3964.412847285696	0.7043302262907758	0.49413473420341986
3700	899.0906430921207	-4864.663910401754	-3965.573267309634	0.6937427801636733	0.444773860527148
3720	911.8195174542819	-4876.4140284938585	-3964.5945110395755	0.7035644424801559	0.5376000073701338
3740	900.5887741968702	-4866.6794920827015	-3966.0907178858315	0.6948987455222764	0.4705149379706466
3760	902.6683802718251	-4856.664947032734	-3953.9965667609117	0.6965033798393712	0.37507770476188457
3780	934.4610448371584	-4874.635001134512	-3940.1739562973535	0.7210347568187951	0.5020214669561075
3800	933.742446227819	-4869.117112129003	-3935.3746659011836	0.7204802825831937	0.4787762766562754
3820	934.5909883234684	-4866.772840330648	-3932.1818520071783	0.7211350218545283	0.4610047053458589
3840	949.0663650620818	-4866.433721631091	-3917.36735656901	0.7323042940293845	0.5271185282721158
3860	927.7433194283537	-4858.5677924222955	-3930.824472993942	0.7158513267194089	0.43406848883103805
3880	928.5389976184488	-4861.9678886206775	-3933.4288910022283	0.7164652759401612	0.46635909257167907
3900	900.8657604367554	-4845.325916645155	-3944.4601562084013	0.695112469472805	0.37839633023529057
3920	913.6874245000405	-4860.369322215588	-3946.6818977155463	0.7050057287808954	0.44334273522247436
3940	905.8449624278659	-4854.839547086163	-3948.9945846582973	0.6989544463177979	0.35544583951095626
3960	909.1974076914552	-4861.964201168882	-3952.7667934774263	0.7015412096384683	0.37763461965014905
3980	909.6822184383306	-4854.3625483228025	-3944.6803298844725	0.7019152920048847	0.38049671255178596
4000	915.4496982180681	-4857.0145245877375	-3941.56482636967	0.7063655078843118	0.3805195756617887
4020	903.6940996832612	-4855.617353191715	-3951.923253508453	0.6972948300025164	0.34071362606868943
4040	912.223014130261	-4879.159310506697	-3966.936296376435	0.7038757825079175	0.5048129066045652
4060	899.1203614137424	-4868.279896997047	-3969.159535583305	0.6937657109673939	0.4682671499295223
4080	898.4522226783631	-4863.403428035933	-3964.951205357571	0.6932501718197247	0.42405969449006015
4100	899.4423607894171	-4878.420299389418	-3978.977938600001	0.6940141672757847	0.5027719370841688
4120	889.8877305427017	-4870.834389859674	-3980.9466593169723	0.68664176739406	0.468741992720031
4140	920.4127152734985	-4887.134785428836	-3966.7220701553365	0.710194996353008	0.5933242869080819
4160	925.4632530458402	-4883.81886789123	-3958.355614845391	0.7140920162390743	0.5582241966725454
4180	911.7137425116327	-4876.608131102583	-3964.894388590949	0.703482826012062	0.5121287764952618
4200	902.3402526942825	-4870.279412253055	-3967.939159558772	0.6962501949801563	0.4943817021686252
4220	888.9572299133486	-4858.458087513303	-3969.5008575999555	0.6859237885133862	0.4254530306486175
4240	911.8726590270377	-4886.235896068948	-3974.363237041912	0.7036054467801215	0.5446799597503784
4260	889.1334507703417	-4870.337731215783	-3981.2042804454395	0.6860597613968685	0.4201159557616762
4280	877.2950427966634	-4866.194925385432	-3988.8998825887684	0.6769251873431045	0.3839998651304438
4300	888.4909589350685	-4877.398322748117	-3988.907363813048	0.6855640115239724	0.463736178350714
4320	895.9395908065587	-4874.432217745123	-3978.492626938564	0.6913114126593816	0.4446146463060511
4340	902.440191925677	-4880.254461086828	-3977.81426916115	0.6963273085846273	0.47745185848350885
4360	901.9262560619724	-4882.445158268016	-3980.518902206043	0.6959307531342379	0.48033249513315246
4380	907.4384626916365	-4885.588044515202	-3978.1495818235658	0.7001839989904604	0.48715053899200084
4400	895.9781391971916	-4870.133465458528	-3974.1553262613356	0.6913411567879564	0.4150331829053914
4420	894.9368678223	-4871.887644431264	-3976.9507766089628	0.6905377066530091	0.47035240612914253
4440	903.2658613484022	-4869.97156121034	-3966.7056998619364	0.696964399188582	0.4519783037895578
4460	923.0187349690981	-4872.136646440779	-3949.117911471682	0.7122058140193659	0.44148694500076885
4480	915.36500782561	-4858.6965335775585	-3943.3315257519475	0.7063001603592668	0.3472142256993804
4500	955.5263908990555	-4886.193619637905	-3930.66722873885	0.7372888818665551	0.592815117738369
4520	936.7077061487704	-4871.188809968122	-3934.48110381935	0.7227682917814586	0.5168487572677802
4540	907.4744348437337	-4836.3819592720665	-3928.907524428334	0.7002117552806587	0.2498661748104658
4560	935.5395383348095	-4848.880278694457	-3913.3407403596475	0.7218669277274767	0.3361474912100032
4580	945.0603373020974	-4856.645777065537	-3911.5854397634384	0.7292132232269273	0.4235064364395099
4600	944.0968034001651	-4870.485554410308	-3926.3887510101426	0.7284697557100039	0.5102011083287066
4620	926.1622947258365	-4854.028656696174	-3927.866361970338	0.7146314002514169	0.39666414396094096
4640	939.4240923367012	-4873.494236832684	-3934.0701444959836	0.7248642687783188	0.5785768925457299
4660	953.7366743682635	-4885.25609477418	-3931.5194204059176	0.7359079277532897	0.6452286157599689
4680	945.8584877984262	-4881.061035522412	-3935.202547723985	0.7298290800913783	0.5675426581868982
4700	917.9782390986587	-4861.504882963615	-3943.526643864956	0.7083165425143971	0.4395009043573369
4720	914.5152301496666	-4852.600924805922	-3938.085694656255	0.705644467708076	0.4262667834919921
4740	938.6134953013828	-4873.3139389626	-3934.700443661216	0.724238808102919	0.5801089589390187
4760	942.7550546458085	-4865.205108794953	-3922.4500541491434	0.7274344557452226	0.5548797636775836
4780	949.2198974393317	-4868.171635661558	-3918.951738222227	0.7324227603698548	0.5237888765719201
4800	951.5924597009252	-4862.481763872421	-3910.8893041714937	0.7342534411272573	0.45918461077066997
4820	950.5791123434183	-4861.786714387867	-3911.2076020444497	0.7334715373020205	0.4441463609233801
4840	915.5006795887397	-4834.084476059913	-3918.583796471174	0.7064048453616819	0.280802502475825
4860	930.2998509805415	-4853.5086432521375	-3923.208792271597	0.7178239590899239	0.4414988814444941
4880	938.9479918310824	-4858.455470360145	-3919.5074785290635	0.7244969072770698	0.46255452277878817
4900	948.3474159481787	-4875.812097623252	-3927.464681675073	0.7317495493427304	0.5260417801210056
4920	945.3596620495925	-4871.845037712965	-3926.4853756633747	0.7294441836802411	0.4721720621170692
4940	927.8596159093377	-4854.65550993284	-3926.7958940235017	0.7159410616584395	0.4201348025862444
4960	949.4974251390829	-4867.125226335939	-3917.6278011968557	0.7326369021134901	0.5214722440842184
4980	945.9524408608729	-4856.674933700613	-3910.7224928397386	0.7299015747383276	0.4735189847408338
5000	947.1494094008618	-4855.301612436456	-3908.152203035594	0.7308251615747392	0.44335315341715936
5020	944.833100182476	-4853.116611135417	-3908.2835109529415	0.7290378859432682	0.3992847687782355
5040	934.4299240720186	-4849.6642199613925	-3915.234295889374	0.7210107438827305	0.4197584524067981
5060	912.3132529493907	-4833.33731302268	-3921.0240600732877	0.7039454112263819	0.2925841616937799
5080	935.4902050032786	-4859.2653731357905	-3923.775168132512	0.7218288618852456	0.4144729570710869
5100	944.235683934667	-4876.12906613457	-3931.893382199904	0.7285769166162555	0.5230919802886743
5120	916.7594133661853	-4852.906815716176	-3936.1474023499895	0.707376090560328	0.3806192806084298
5140	936.7425108506152	-4866.704349861052	-3929.961839010438	0.7227951472612772	0.42513684339506475
5160	921.7451241057666	-4851.93554939045	-3930.190425284685	0.7112230895877829	0.27896605105426336
5180	919.8065715408351	-4861.535997994358	-3941.729426453522	0.7097272928555827	0.3630365589843211
5200	933.9350471211721	-4890.324331983186	-3956.389284862014	0.7206288943836204	0.5801882819737234
5220	916.0513910716569	-4862.111316439641	-3946.0599253679843	0.7068297770614637	0.3900544882761803
5240	927.0062589059153	-4865.542394400305	-3938.53613549439	0.7152826071804903	0.4480732199997178
5260	923.5097003488539	-4848.054041236517	-3924.5443408876645	0.7125846453309057	0.3546282668558394
5280	912.161545046293	-4840.9544945461075	-3928.7929494998148	0.7038283526591769	0.3117846827900887
5300	933.7022015798864	-4859.806488424198	-3926.1042868443124	0.72044922961411	0.35030858892777994
5320	943.1336838702224	-4862.373224228742	-3919.2395403585188	0.7277266079245545	0.3505404062088683
5340	932.8868924720433	-4854.5184316621135	-3921.6315391900707	0.7198201330802803	0.3483168175969725
5360	923.2608207157728	-4855.072537127135	-3931.8117164113637	0.7123926085769852	0.35438425907282256
5380	921.0485157616847	-4850.43448770833	-3929.385971946647	0.710685583149448	0.3004900178147494
5400	936.1698909487068	-4850.678419547604	-3914.508528598898	0.7223533109172122	0.35946719813912686
5420	926.2323705346377	-4840.034253786354	-3913.801883251717	0.7146854710915415	0.2882495481088813
5440	936.7186607785613	-4851.588804603494	-3914.8701438249336	0.7227767444279024	0.35749201540185166
5460	929.1356269903326	-4846.029151143628	-3916.8935241532936	0.7169256381098245	0.3399693417769123
5480	920.8760524715126	-4834.788294022041	-3913.9122415505276	0.7105525096230805	0.2552360938549173
5500	943.6759433067109	-4841.847236594664	-3898.171293287952	0.7281450179835731	0.3453380098822353
5520	945.1835953262668	-4845.119984827413	-3899.9363895011456	0.7293083297270575	0.3557387023347306
5540	957.5331715902897	-4852.017971209709	-3894.4847996194194	0.7388373237579395	0.4167015826052919
5560	940.1398128503112	-4840.88995987799	-3900.7501470276793	0.7254165222610424	0.3165843847748886
5580	930.409191002201	-4838.7686794274	-3908.359488425198	0.7179083263905873	0.2999913432719449
5600	949.9818427688284	-4851.979519544375	-3901.997676775546	0.7330106811487875	0.3876236418635344
5620	934.6459243845505	-4835.900838193617	-3901.2549138090662	0.7211774107905484	0.31377782341018046
5640	972.6027866245595	-4862.540980962069	-3889.9381943375092	0.7504651131362341	0.47379171099606127
5660	952.4255161290382	-4837.77373728942	-3885.348221160382	0.7348962315810479	0.32549852955355085
5680	949.3186815133331	-4837.156014226773	-3887.8373327134395	0.7324989826491765	0.3422517629569966
5700	958.5424918886049	-4844.412046239524	-3885.869554350921	0.7396161202844173	0.394979811998925
5720	946.9006412326846	-4837.368287249553	-3890.467646016869	0.730633210827689	0.37032526053410875
5740	972.5166499103686	-4858.753683322362	-3886.237033411994	0.7503986496221979	0.4924515895639542
5760	947.2105379296456	-4845.851746218833	-3898.6412082891866	0.7308723286494179	0.3938251300371017
5780	949.1621995326211	-4851.413955468031	-3902.2517559354105	0.7323782403801087	0.4345672345206206
5800	933.6450775079911	-4828.534244608223	-3894.889167100232	0.7204051523981414	0.2589562037321752
5820	952.0382472046516	-4851.937208134534	-3899.8989609298815	0.7345974129665522	0.41044333308635317
5840	924.4356660012712	-4837.530712161216	-3913.095046159946	0.7132991250009808	0.3131684056031658
5860	927.8485961340193	-4846.655522515085	-3918.806926381067	0.7159325587453853	0.3559439846131965
5880	924.5766169736887	-4843.981446341298	-3919.4048293676083	0.7134078834673525	0.33962090370853365
5900	921.7663462442451	-4845.536317199013	-3923.769970954768	0.7112394646946334	0.34553753323321856
5920	908.1387603657789	-4836.971863275921	-3928.833102910142	0.7007243521340885	0.2537255426854871
5940	945.0225515379194	-4876.191638349069	-3931.1690868111496	0.729184067544691	0.478930360843865
5960	943.626958231626	-4886.407760839049	-3942.780802607422	0.7281072208577359	0.5662313927431678
5980	914.3508748630796	-4855.812883223175	-3941.4620083600953	0.7055176503573145	0.3834763261390391
6000	913.3506273275241	-4856.80577991436	-3943.455152586836	0.7047458544193859	0.37234656653130077
6020	926.7656195566126	-4867.421109770281	-3940.655490213668	0.7150969286702257	0.4598648224934333
6040	910.3980704236143	-4848.144265596202	-3937.7461951725877	0.7024676469318012	0.3043512275890855
6060	904.5256355255369	-4844.020122812634	-3939.4944872870983	0.6979364471647662	0.29191335357103243
6080	937.5164296183245	-4880.741318515034	-3943.2248888967088	0.7233923068042629	0.5423686849922753
6100	897.9192801169158	-4856.864880384068	-3958.945600267152	0.6928389507074969	0.41942033850284777
6120	884.748624204279	-4851.705326882866	-3966.9567026785858	0.6826764075650299	0.34378034655058914
6140	892.2631855673877	-4862.410177288918	-3970.1469917215313	0.6884746802217498	0.3632682493038648
6160	895.669744804529	-4869.930125661752	-3974.2603808572226	0.6911031981516427	0.35879885770696884
6180	916.0017973163185	-4881.05469152769	-3965.0528942113715	0.7067915102749371	0.4554192173132532
6200	900.2909715385625	-4858.7008684178945	-3958.409896879331	0.6946689595204957	0.3753995323361648
6220	914.6262769513554	-4864.307939388904	-3949.6816624375488	0.7057301519686386	0.4766497990995262
6240	895.5087244653207	-4830.7626655028935	-3935.253941037572	0.6909789540627476	0.27221089128126486
6260	926.2382824762275	-4860.117541627079	-3933.8792591508522	0.714690032774867	0.41533724292987373
6280	921.2661058934473	-4861.474653154369	-3940.2085472609215	0.7108534767696355	0.4235419905345938
6300	922.7371563809062	-4867.686069832168	-3944.9489134512633	0.7119885465902054	0.4726072816263972
6320	912.3712204151401	-4865.85391082826	-3953.48269041312	0.7039901392092132	0.42905861705596104
6340	912.1530242338446	-4867.058659189399	-3954.905634955555	0.7038217779582132	0.4353112968346154
6360	914.0788302209696	-4871.430322528962	-3957.351492307994	0.7053077393680318	0.479877766873121
6380	898.2953740643395	-4855.12481124229	-3956.829437177951	0.6931291466545827	0.35200653390868925
6400	897.8476058281492	-4854.378139204016	-3956.5305333758683	0.6927836464723376	0.3373809856869219
6420	929.5008441859525	-4877.86469382713	-3948.3638496411777	0.7172074415015064	0.5269803595997924
6440	904.78031150621	-4862.9208021024415	-3958.140490596232	0.6981329564091127	0.427933553940369
6460	915.652716729334	-4861.585220933265	-3945.93250420393	0.706522157970165	0.3931843183901279
6480	909.5426087862779	-4835.305826478709	-3925.7632176924294	0.7018075685079307	0.2380631085533635
6500	924.357117510596	-4848.367941855544	-3924.0108243449467	0.7132385165976822	0.3195434810553154
6520	916.3195954355222	-4840.439552881695	-3924.1199574461725	0.7070367248730882	0.27196591159017725
6540	932.090449082335	-4861.488558631701	-3929.3981095493655	0.7192055934277276	0.40531343810645615
6560	916.7612142105614	-4844.851255427896	-3928.0900412173346	0.7073774801007418	0.33261482696899425
6580	922.2835430032226	-4850.9674325217875	-3928.683889518564	0.7116385362679187	0.39289074257340884
6600	924.5402409804452	-4845.903048448124	-3921.3628074676794	0.7133798155713313	0.3614704335361501
6620	917.9131930809756	-4839.8541364475905	-3921.940943366615	0.7082663526859377	0.32984500113049686
6640	935.2490661410948	-4866.120846257578	-3930.871780116483	0.7216427979483757	0.4826458198209226
6660	938.0675886506399	-4866.750703329963	-3928.683114679323	0.7238175838353704	0.453075297840469
6680	925.5430091572159	-4858.153159971205	-3932.6101508139886	0.7141535564484692	0.3767859283325719
6700	919.1756815109078	-4854.074477869219	-3934.898796358311	0.7092404949929845	0.3642543261125436
6720	921.9378790048489	-4860.150112479774	-3938.2122334749247	0.7113718202197907	0.44749715563576825
6740	927.2714702677298	-4871.78603029782	-3944.5145600300903	0.7154872455769522	0.5138172733063737
6760	930.3314010908391	-4866.527165269103	-3936.1957641782624	0.7178483033108328	0.42679980794590183
6780	932.984697260966	-4854.190116743166	-3921.205419482199	0.7198955997383998	0.3888717365294061
6800	963.091589079036	-4870.431060465955	-3907.339471386918	0.7431262261412315	0.5185149743708195
6820	958.8705518011541	-4855.12673735673	-3896.2561855555746	0.7398692529329891	0.36950641472685086
6840	961.8645573846209	-4860.1776977448335	-3898.313140360212	0.7421794424264051	0.3986790683546155
6860	933.3470857285035	-4836.285080109812	-3902.9379943813083	0.7201752204695244	0.27072398244809925
6880	933.3036625133552	-4842.218872652168	-3908.9152101388113	0.7201417149022804	0.29083191616359166
6900	945.2658535195909	-4855.110308971454	-3909.8444554518637	0.72937180055524	0.38166510938362336
6920	945.2943037598594	-4861.514249826855	-3916.219946066996	0.7293937529011261	0.4365171445949391
6940	928.413200074029	-4850.210427176459	-3921.79722710243	0.7163682099336643	0.3891699508075587
6960	937.8998553793766	-4852.775843306487	-3914.8759879271106	0.7236881600149511	0.41765525985901936
6980	926.1981250583524	-4831.012676829198	-3904.814551770847	0.7146590471129262	0.27845838085669433
7000	959.37625199988	-4856.193534658425	-3896.8172826585446	0.7402594537036111	0.404358045733177
7020	929.972569951786	-4834.898000837891	-3904.9254308861046	0.7175714274319338	0.26087581007497873
7040	941.8732047175642	-4841.946149528886	-3900.072944811322	0.726754015985775	0.3131248308508057
7060	925.4892128488264	-4826.400635752353	-3900.911422903528	0.7141120469512547	0.214813784485245
7080	928.5338546619184	-4838.221245196445	-3909.6873905345265	0.716461307609505	0.31573046477986166
7100	931.5050367634728	-4846.218002798113	-3914.712966034641	0.7187538863915688	0.373791346489852
7120	930.0656029327547	-4845.6255323444075	-3915.5599294116523	0.7176432121394714	0.3870560768499782
7140	949.502020979163	-4854.188187931735	-3904.6861669525715	0.7326404482863913	0.3994372762045398
7160	926.6044227474674	-4833.8952685285285	-3907.2908457810604	0.7149725484162561	0.22336066745731187
7180	914.6267193056722	-4822.591299404496	-3907.9645800988233	0.7057304932914138	0.15891870502658997
7200	935.1427711245351	-4835.163337010103	-3900.020565885569	0.7215607801886846	0.226459630172649
7220	942.4446260487164	-4835.343912699832	-3892.8992866511153	0.7271949275067257	0.2717574169529938
7240	940.6983559673538	-4832.99983489079	-3892.3014789234376	0.7258474968883901	0.30067304561777375
7260	956.835527356483	-4851.899472232521	-3895.0639448760376	0.7382990180219775	0.39009573255135743
7280	957.3652111479357	-4850.9248503630015	-3893.5596392150646	0.7387077246511853	0.411418445964803
7300	948.0634269164332	-4840.485968642935	-3892.422541726502	0.7315304220034208	0.3292251311800761
7320	947.4850506711552	-4841.1365728997425	-3893.6515222285875	0.7310841440363853	0.3361176530156089
7340	962.1677104140894	-4863.022294671558	-3900.8545842574667	0.7424133568009949	0.4728137328751358
7360	951.7236550681773	-4866.475939291367	-3914.7522842231892	0.7343546721205072	0.49675920274811347
7380	942.8008817527179	-4864.300174452571	-3921.499292699853	0.7274698161672208	0.4519860406849057
7400	935.033313262796	-4859.21187356552	-3924.178560302724	0.7214763219620338	0.43752696117199125
7420	922.0450996213431	-4859.7130578794	-3937.667958258057	0.7114545521769623	0.4328823048405373
7440	924.1360672279092	-4859.837016478121	-3935.7009492502125	0.7130679531079545	0.3927264114221455
7460	938.4094508299089	-4864.1005885070535	-3925.6911376771445	0.7240813663811025	0.40877752079219964
7480	923.2088628209274	-4855.520255868473	-3932.3113930475456	0.7123525176087403	0.379484134927483
7500	908.7403060116497	-4845.536474640603	-3936.7961686289536	0.7011885077250384	0.3356375921889022
7520	910.7285369082356	-4855.940867649437	-3945.2123307411994	0.7027226365032683	0.40777446337806855
7540	904.0534188038722	-4859.053296233984	-3954.999877430112	0.6975720824103953	0.4147278091037596
7560	927.8498240467661	-4874.309966650168	-3946.4601426034023	0.7159335062089245	0.5274596637737992
7580	935.740576931149	-4875.312849187529	-3939.5722722563805	0.7220220501011954	0.5629198507222485
7600	918.3682971032933	-4855.970607405431	-3937.602310302137	0.7086175131969854	0.45660739558531727
7620	926.5637462171799	-4867.086120946005	-3940.5223747288264	0.7149411622046141	0.5060712223432268
7640	925.6866427474584	-4880.551839951239	-3954.8651972037806	0.7142643848360021	0.5903128962441189
7660	902.7544686775469	-4872.816404514646	-3970.061935837098	0.6965698060783543	0.525673084488026
7680	918.4530311717756	-4876.999805804201	-3958.546774632424	0.7086828944226664	0.5710538415298946
7700	898.8116288796493	-4861.764989426352	-3962.9533605467027	0.6935274914194827	0.46862166687253454
7720	910.6085724470735	-4875.496924515913	-3964.8883520688396	0.7026300713326183	0.515805323796218
7740	911.9889011693538	-4867.740325822049	-3955.7514246526953	0.7036951397911682	0.4594784532494948
7760	925.0243442719329	-4879.855661556356	-3954.8313172844237	0.7137533520616764	0.5666896106826709
7780	915.6946556103834	-4881.689340378189	-3965.9946847678048	0.7065545182178882	0.5960998249680409
7800	928.6469856492116	-4889.505145097022	-3960.858159447812	0.716548600037972	0.62400331376297
7820	912.4245228055619	-4869.8531539811775	-3957.4286311756164	0.7040312675968843	0.48848310425471553
7840	933.4073390371657	-4892.724006413422	-3959.316667376257	0.7202217122200353	0.6272888037202018
7860	908.2054570436896	-4857.464559890818	-3949.259102847129	0.7007758156201309	0.4017351700652666
7880	918.6143327405889	-4858.396009372291	-3939.781676631702	0.7088073555097136	0.4150860674243967
7900	922.0238611668641	-4861.478556496742	-3939.454695329879	0.711438164480605	0.44471335141382073
7920	917.0824550807974	-4869.061652506891	-3951.979197426094	0.7076253511425908	0.5057506916734236
7940	929.8285189212827	-4878.284077696998	-3948.4555587757154	0.7174602769454342	0.5610216127082519
7960	931.0167316556692	-4881.750712599811	-3950.73398094414	0.718377107759004	0.5671966194018071
7980	917.2681895524565	-4877.041073376773	-3959.7728838243165	0.7077686647781298	0.5376900550054564
8000	924.5736371730269	-4890.822630314237	-3966.2489931412115	0.7134055842384468	0.6191341462087552
8020	909.4579848081906	-4875.165569325987	-3965.707584517797	0.701742272228542	0.4926287600102806
8040	920.097145210934	-4886.226237443606	-3966.129092232671	0.7099515009343625	0.589665883931115
8060	910.2081520041011	-4874.789374447621	-3964.5812224435203	0.7023211049414361	0.5162610863681488
8080	912.6359910860012	-4874.371046026274	-3961.7350549402718	0.704194437566359	0.4931646172445185
8100	907.8813511753733	-4868.280707194063	-3960.399356018689	0.7005257339316152	0.4370981516841166
8120	907.4720505910536	-4864.785942125183	-3957.3138915341297	0.7002099155795165	0.3998936467681602
8140	910.0541273438084	-4866.693665348592	-3956.6395380047843	0.7022022587529386	0.47657022301247254
8160	916.2856651480672	-4862.320826427653	-3946.0351612795835	0.7070105440957308	0.46184812358956007
8180	917.4032365024875	-4851.979508444202	-3934.5762719417166	0.7078728676716726	0.3887177301801413
8200	918.6257553164002	-4848.427111823902	-3929.8013565075025	0.7088161692256173	0.38775990554471973
8220	955.6067870670233	-4876.497208931431	-3920.890421864407	0.7373509159467773	0.5793238816889591
8240	931.1658918544815	-4850.944780081523	-3919.7788882270424	0.718492200505001	0.3531048899992103
8260	927.4438923617097	-4840.666812709735	-3913.222920348026	0.7156202873161341	0.27028174730683147
8280	922.908106958497	-4843.413239636871	-3920.505132678375	0.712120452900075	0.26774878728221363
8300	940.4417464533101	-4867.31728202566	-3926.875535572349	0.7256494957201467	0.43594268938116815
8320	932.0447436709107	-4864.504767239142	-3932.4600235682324	0.7191703269065669	0.42860254793469343
8340	909.4768531056825	-4838.910981747298	-3929.434128641615	0.7017568311000635	0.29214194430651863
8360	918.1755530396036	-4850.378973274696	-3932.2034202350906	0.7084687909256201	0.3465782655286934
8380	904.9404077874684	-4835.481772981172	-3930.5413651937038	0.6982564874903305	0.28171142740413463
8400	916.8998782143541	-4858.249127783766	-3941.349249569411	0.7074844739308289	0.41949836488025793
8420	898.4687660315776	-4853.761504265277	-3955.292738233699	0.6932629367527607	0.35875554409491517
8440	906.5041495807116	-4871.462315174022	-3964.9581655933107	0.6994630783801786	0.4706338628063936
8460	903.2124418207392	-4862.64114485245	-3959.428703031709	0.6969231804172371	0.4151164835713435
8480	924.7696269461196	-4870.422586581297	-3945.652959635178	0.7135568109152157	0.45383775546639277
8500	906.1403979512876	-4846.05743475152	-3939.9170368002315	0.699182405826611	0.3478657477900526
8520	934.4006452494104	-4870.8048211591495	-3936.4041759097395	0.7209881521986194	0.5093286820559617
8540	895.0562684054834	-4841.838680917643	-3946.7824125121574	0.690629836732626	0.3327392207943637
8560	898.3262722448432	-4856.0217428977785	-3957.695470652935	0.6931529878432431	0.3862537270127254
8580	913.4209166388933	-4863.2371758822355	-3949.8162592433414	0.7048000899991461	0.3824366703028491
8600	913.2875168325421	-4861.4245164803615	-3948.1369996478184	0.7046971580498013	0.37675173379350924
8620	921.0497809658366	-4866.200275278305	-3945.1504943124683	0.7106865593872196	0.43248515477168714
8640	915.1175951894187	-4862.212606658151	-3947.0950114687307	0.7061092555473908	0.36190374390185936
8660	910.3783142700267	-4852.492770736784	-3942.114456466758	0.7024524029861318	0.29939325165688147
8680	930.6283984824793	-4864.966253860461	-3934.337855377981	0.718077467964876	0.41349132398269905
8700	915.5239269232432	-4846.044242586349	-3930.5203156631055	0.7064227831197866	0.3351148007847523
8720	913.7103663822733	-4836.582798637099	-3922.8724322548246	0.7050234308505197	0.25973910203515016
8740	930.7328720512517	-4852.980246488698	-3922.247374437446	0.7181580802864597	0.3723879379934657
8760	940.0456881040424	-4868.513284277636	-3928.467596173593	0.7253438951420079	0.517985907013005
8780	924.4341725308714	-4854.620336219516	-3930.1861636886447	0.7132979726318452	0.4412038735951656
8800	922.4052371809423	-4852.817997281725	-3930.4127601007835	0.7117324360964061	0.3561904688341032
8820	914.7736540624795	-4853.2110308482015	-3938.4373767857214	0.7058438688753702	0.2528706876115571
8840	919.2094681264541	-4854.435789966623	-3935.226321840169	0.7092665649123874	0.2643669568146876
8860	918.527618177293	-4855.510847238684	-3936.983229061391	0.7087404461244542	0.33564116594831117
8880	926.3697577958917	-4866.288761454012	-3939.9190036581194	0.7147914797807806	0.42189871730067985
8900	945.3751102251961	-4877.933339270734	-3932.5582290455372	0.729456103568824	0.5196690602806366
8920	942.0246580651789	-4871.275707093588	-3929.251049028409	0.7268708781367118	0.47727848700980957
8940	945.9156324894251	-4871.400833781945	-3925.4852012925207	0.7298731732171488	0.48414627345573874
8960	919.8400525956455	-4858.765347773346	-3938.9252951777003	0.7097531270028126	0.41119332233556616
8980	923.6218050165508	-4865.876934688146	-3942.255129671595	0.712671145846104	0.44234794851142684
9000	912.5468064078262	-4860.341697585382	-3947.794891177554	0.704125622228261	0.4259386439990952
9020	905.8566212855774	-4849.897542777597	-3944.0409214920182	0.6989634423499825	0.40631356605772495
9040	923.8269692917289	-4861.864390359637	-3938.037421067909	0.7128294516139887	0.47750907587388147
9060	916.8609653577112	-4866.425179023329	-3949.564213665618	0.7074544485784807	0.42910164705078324
9080	913.6673833039237	-4860.548607325492	-3946.8812240215693	0.7049902648950027	0.4218936052483498
9100	925.3620263197939	-4877.442884632981	-3952.0808583131875	0.7140139091973718	0.5419353448745621
9120	918.0975631593705	-4864.437497989484	-3946.3399348301136	0.708408613548897	0.44821919241352914
9140	902.3565661253712	-4846.638632816844	-3944.282066691474	0.6962627825041444	0.3391813462464481
9160	935.5874814117147	-4887.976691389983	-3952.389209978268	0.7219039208423725	0.5792026899769203
9180	900.8331979160057	-4856.649962903908	-3955.816764987902	0.6950873440709918	0.3857971964363365
9200	914.357374161356	-4875.037669627442	-3960.680295466086	0.70552266524796	0.5235138482766063
9220	930.563401734736	-4893.252699227359	-3962.6892974926222	0.7180273161533457	0.6070741066359593
9240	923.8433804084474	-4892.741449679796	-3968.8980692713485	0.7128421145126909	0.5802808191668953
9260	923.3076281466335	-4890.013008492644	-3966.70538034601	0.7124287254217851	0.5790192226656921
9280	918.7185065689137	-4892.111009556071	-3973.392502987158	0.7088877365500876	0.6427984086771114
9300	905.3353987538046	-4863.660551716944	-3958.3251529631393	0.6985612644705284	0.4481890221619002
9320	903.3627923932924	-4871.006395242491	-3967.643602849198	0.6970391916614911	0.42263930642639513
9340	924.8095533612774	-4905.154734727819	-3980.34518136654	0.713587618334319	0.6563615329063852
9360	913.1598785741729	-4875.271570190027	-3962.111691615855	0.7045986717393309	0.5112479535728475
9380	914.2845053575035	-4881.9484458796105	-3967.6639405221076	0.7054664393190614	0.544116996446201
9400	914.5944438612141	-4877.105432318886	-3962.5109884576727	0.7057055893990851	0.5072335947219125
9420	898.2992242772286	-4850.624514954745	-3952.325290677515	0.6931321174978616	0.35633480288478914
9440	924.5821506582922	-4867.277862624107	-3942.6957119658155	0.713412153285719	0.44464670141349005
9460	914.3503192474202	-4859.067610732307	-3944.7172914848866	0.705517221641528	0.40125434456024667
9480	941.2307808432306	-4874.784637493622	-3933.5538566503906	0.7262583185518755	0.5458110486134261
9500	901.6585552277456	-4832.675600006817	-3931.017044779071	0.6957241938485691	0.25061426319937063
9520	934.5596390427687	-4860.891320830812	-3926.331681788045	0.721110832594729	0.4176479598905809
9540	925.2941209960345	-4850.060366067758	-3924.766245071723	0.7139615131142241	0.3585748174464509
9560	931.6073454863041	-4867.542837608358	-3935.9354921220533	0.7188328283073333	0.4547415278448973
9580	914.7333876113807	-4857.900866946939	-3943.1674793355573	0.7058127990828555	0.4182888405891828
9600	934.2587141718328	-4870.792031796224	-3936.5333176243935	0.7208786374782661	0.553072057670188
9620	929.3513264724313	-4864.356862767284	-3935.0055362948524	0.7170920728953945	0.49333220438081665
9640	921.6155665680744	-4861.640723081739	-3940.025156513665	0.7111231223519094	0.4450379526137763
9660	928.9532011487503	-4871.823263589698	-3942.870062440948	0.7167848774295912	0.5073797536005058
9680	927.0037517286758	-4865.160270131832	-3938.1565184031556	0.7152806726301509	0.4339308303723154
9700	929.9651795515407	-4857.7316170675595	-3927.766437516018	0.7175657249626085	0.3731487583588503
9720	924.771854847593	-4851.916670283815	-3927.1448154362224	0.7135585299749944	0.41742382849824644
9740	937.7934107847113	-4861.471152078004	-3923.677741293292	0.7236060268400549	0.48941496456380323
9760	928.8241588199744	-4848.93522412133	-3920.111065301355	0.7166853077314618	0.4036324042925945
9780	930.0272968828074	-4849.135812121346	-3919.1085152385376	0.717613655002166	0.41860443864364305
9800	943.0814191420968	-4855.839760710797	-3912.7583415686995	0.7276862802022352	0.4783931149270888
9820	942.5247891439652	-4853.077306125311	-3910.552516981347	0.7272567817468868	0.41674834153020524
9840	948.1921166213685	-4853.265273186981	-3905.073156565612	0.7316297196152535	0.3833593424221512
9860	946.5239685977198	-4852.106198577541	-3905.582229979821	0.7303425683624379	0.4004960485704171
9880	935.5872911378443	-4852.22534570769	-3916.6380545698457	0.7219037740261145	0.4204976946409461
9900	933.2711255463242	-4844.037794967171	-3910.7666694208483	0.720116609217843	0.36796316670883744
9920	931.7923083739331	-4842.8613718831775	-3911.0690635092446	0.718975546584825	0.3412286781082964
9940	910.9028758150549	-4827.680368336195	-3916.7774925211393	0.7028571572647028	0.22238455843041743
9960	925.3589358010458	-4850.723597362018	-3925.364661560973	0.714011524537844	0.32809714924478256
9980	924.4455897503891	-4862.298663327263	-3937.853073576875	0.7133067822148063	0.3692767564410727
10000	931.4767709529273	-4876.163505789154	-3944.686734836226	0.7187320763525672	0.5074015933116369
10020	907.6220071609102	-4859.66374087382	-3952.041733712911	0.7003256228093443	0.39850071211628785
10040	933.1615576120273	-4886.412714616753	-3953.251157004727	0.7200320660586631	0.575460744690829
10060	918.0947847122616	-4858.042554331727	-3939.947769619467	0.7084064696853869	0.4082324097683519
10080	907.8945183037795	-4842.418236699149	-3934.5237183953695	0.7005358937529161	0.31958251717093134
10100	893.8078581088472	-4836.218664227782	-3942.410806118935	0.6896665571827526	0.29834099793513397
10120	915.3032887263131	-4864.383499238385	-3949.0802105120733	0.706252537597464	0.43079745241472356
10140	920.3093629384468	-4878.728178096526	-3958.4188151580806	0.7101152491809002	0.4760680028236123
10160	914.9851513007532	-4871.588524253317	-3956.603372952564	0.7060070611888529	0.48293669983116383
10180	919.899340546418	-4871.206236781911	-3951.306896235493	0.709798873878409	0.5594673403917416
10200	922.8117003968725	-4874.19723799543	-3951.3855375985586	0.7120460651210435	0.5241319765602225
10220	908.5891956989632	-4867.276985594963	-3958.687789896002	0.7010719102615456	0.4516845772689345
10240	908.74025874652	-4865.600825260167	-3956.860566513648	0.7011884712550307	0.4845291494071728
10260	920.9544324755104	-4883.215562466435	-3962.261129990923	0.7106129880212271	0.5979377439625443
10280	885.8156589682882	-4854.207371839955	-3968.3917128716666	0.6834997368582469	0.41790260821067005
10300	905.6045901306594	-4879.8017619389675	-3974.197171808309	0.6987689738662499	0.5545024725778293
10320	904.6042450163648	-4883.379326668061	-3978.7750816516973	0.6979971026360838	0.5619303621870995
10340	928.968284534492	-4912.303420677901	-3983.3351361434097	0.7167965158445154	0.7619666514158994
10360	924.2711885842376	-4892.31115028179	-3968.039961697553	0.7131722134137638	0.6346327196746746
10380	911.242378865291	-4889.647204753441	-3978.4048258881508	0.703119119494823	0.5846334611886103
10400	889.5777639516967	-4877.963512661723	-3988.385748710026	0.686402595641741	0.513051550970094
10420	889.9243129014455	-4882.568576613286	-3992.6442637118403	0.6866699945227203	0.5834193939513642
10440	923.5296547470016	-4901.091208640147	-3977.5615538931465	0.7126000422430565	0.6883609392602741
10460	901.9732978371964	-4873.002271877815	-3971.0289740406174	0.695967050800306	0.4441273812090776
10480	906.2410141803932	-4880.321282253415	-3974.080268073022	0.6992600418058589	0.5137304875020399
10500	905.0721951681542	-4878.276768221198	-3973.2045730530444	0.6983581752840695	0.47370756435229355
10520	900.9939638310982	-4881.613585049165	-3980.6196212180666	0.6952113918449832	0.5016499551976372
10540	886.3926358010342	-4858.5530867072575	-3972.1604509062236	0.6839449350316619	0.38042336220742456
10560	913.1913621863016	-4880.293401822035	-3967.102039635732	0.704622964649924	0.5455369886763322
10580	912.5129910112986	-4879.140746366742	-3966.6277553554437	0.7040995301013108	0.5162145452618982
10600	906.627259199041	-4883.4005286589045	-3976.7732694598626	0.6995580703696302	0.5518918984496358
10620	898.2195121414795	-4873.023779712225	-3974.804267570746	0.6930706112202774	0.5023195894006962
10640	891.8742492868918	-4867.045812501018	-3975.1715632141254	0.6881745750670462	0.4638138374723508
10660	913.3427183615128	-4896.36572668385	-3983.023008322336	0.7047397518221549	0.6093240155478676
10680	911.0009535442612	-4894.778080864094	-3983.777127319833	0.702932834524893	0.5709695189034225
10700	901.8403157753506	-4886.274179589466	-3984.4338638141153	0.6958644411846844	0.5223932903414655
10720	907.1233508703123	-4898.634137704883	-3991.5107868345717	0.6999408571530188	0.5887104554276728
10740	888.1694492036311	-4879.633592316181	-3991.4641431125506	0.685315933027493	0.475021288211081
10760	887.4607582298834	-4878.769121692288	-3991.308363462404	0.6847691035724408	0.5010621409357893
10780	887.0461294115081	-4893.4703223131655	-4006.424192901657	0.6844491739286328	0.5794383601937374
10800	881.2404126317637	-4891.331748838551	-4010.0913362067863	0.6799694541911757	0.5835876546374831
10820	877.1694463472446	-4892.162853337178	-4014.993406989934	0.6768282765025034	0.6369967665124133
10840	877.6223027455029	-4893.636497750745	-4016.014195005242	0.6771777027357275	0.6663478637562557
10860	878.6849141520094	-4900.54280499276	-4021.85789084075	0.6779976189444517	0.6388355647655912
10880	857.9515275485601	-4884.332066848396	-4026.3805392998356	0.6619996354541356	0.515596981985067
10900	893.0011135651782	-4914.0464776554345	-4021.045364090256	0.6890440691089337	0.7184056782346052
10920	871.1757685283476	-4892.4880268255265	-4021.3122582971787	0.6722035250990336	0.596471841924942
10940	844.7348125968665	-4863.78602218149	-4019.0512095846234	0.6518015529296808	0.4523900163121156
10960	888.8498886418138	-4902.551525629715	-4013.7016369879007	0.6858409634581896	0.6757735400814044
10980	892.120675155849	-4905.061238264127	-4012.940563108278	0.6883647184844512	0.6498084550885158
11000	880.4419892892818	-4880.9768100085685	-4000.5348207192874	0.6793533867972852	0.46402591230574614
11020	889.5625954450343	-4883.606786475867	-3994.044191030832	0.6863908915470945	0.4886013466279023
11040	895.4033482147246	-4897.151920702999	-4001.7485724882745	0.6908976452274109	0.5855800933604507
11060	891.3879173224443	-4898.301362361361	-4006.913445038916	0.6877993189216391	0.6552232233525515
11080	894.5213468143272	-4907.904709711523	-4013.383362897196	0.6902170885913019	0.6567371548036951
11100	898.2387832259174	-4912.390502131487	-4014.1517189055703	0.6930854808841954	0.721599152913267
11120	885.2752424582343	-4889.255282771117	-4003.980040312882	0.6830827488103658	0.5811143861435129
11140	912.4388168666876	-4906.0913640771905	-3993.652547210503	0.7040422969650366	0.7110474570233906
11160	896.565304295175	-4884.6249872957615	-3988.0596830005843	0.6917942162771412	0.6215061390527128
11180	900.9449128881946	-4894.049723808162	-3993.1048109199664	0.695173543895212	0.6669558782808159
11200	889.8398300938741	-4886.278639411828	-3996.438809317955	0.6866048071711993	0.5841412391265871
11220	920.9922986802524	-4916.6973111019915	-3995.7050124217385	0.7106422057717994	0.7587476812118465
11240	878.8315795988325	-4874.704354715823	-3995.87277511699	0.6781107867274943	0.5001268177272703
11260	896.2389077934531	-4886.471706851366	-3990.2327990579133	0.691542367124578	0.6096014646180901
11280	877.704710191438	-4871.401815496834	-3993.6971053053953	0.6772412887279614	0.4946821937360454
11300	900.1395781972602	-4889.375386040559	-3989.235807843298	0.6945521436707253	0.5778884766814272
11320	896.3014431753875	-4886.954422925521	-3990.652979750133	0.6915906197340955	0.5440033640287678
11340	900.8210802548434	-4888.254411306572	-3987.4333310517277	0.695077994023799	0.5746397754885775
11360	884.4013514710263	-4874.050360830892	-3989.649009359865	0.6824084502091252	0.43853537662613806
11380	927.0630520806393	-4903.332738839461	-3976.269686758823	0.7153264290745674	0.665148256968097
11400	934.0473720984276	-4909.347036173278	-3975.2996640748506	0.7207155648907622	0.7959470312499038
11420	908.1218891304552	-4895.629992935544	-3987.5081038050885	0.7007113342055982	0.6938591040803114
11440	902.6571642370831	-4905.4631966966535	-4002.8060324595704	0.6964947254915765	0.6839436084147079
11460	897.7197111790771	-4916.931918657691	-4019.2122074786143	0.6926849623295348	0.7348392661191936
11480	883.0985518537357	-4905.337826219191	-4022.239274365455	0.6814032035908454	0.6662775671619121
11500	894.4784201622809	-4918.7805905869445	-4024.302170424663	0.6901839661745997	0.7715424115332509
11520	861.7343287234502	-4891.306768714318	-4029.5724399908677	0.6649184635211808	0.5769569981885457
11540	863.8936501122959	-4897.082499340113	-4033.188849227817	0.6665846065681296	0.5998383694111851
11560	840.3734972640043	-4880.150996244733	-4039.777498980728	0.6484363404814847	0.5037149000169271
11580	856.0585765573942	-4890.965711306054	-4034.9071347486597	0.660539025121446	0.566054201596508
11600	868.6571408557636	-4890.036820841924	-4021.3796799861593	0.6702601395492003	0.5940854649654991
11620	898.5646228687046	-4902.986181971339	-4004.421559102634	0.6933369003616547	0.6927809983106915
11640	905.10136762351	-4901.3145085819415	-3996.2131409584326	0.6983806848946837	0.7032697043500002
11660	882.9278665932209	-4888.468425761908	-4005.540559168688	0.6812715020009421	0.5971084613778482
11680	885.7469460360913	-4902.313374623027	-4016.566428586935	0.6834467176204407	0.662643227414329
11700	894.8161481027139	-4907.037538159421	-4012.2213900567076	0.6904445587212299	0.6989473703669258
11720	873.241009514285	-4885.1595335693755	-4011.9185240550896	0.6737970752425039	0.5627519979660969
11740	870.7271755411873	-4886.65929132886	-4015.932115787672	0.6718573885348668	0.5798016810201304
11760	883.8136419209579	-4896.89064320632	-4013.077001285363	0.681954970618023	0.6394173437481643
11780	884.6722230985613	-4893.118963117011	-4008.446740018449	0.682617456094569	0.6133314597278989
11800	879.0237455854871	-4881.9302140111695	-4002.9064684256837	0.6782590629517646	0.5531170100544321
11820	879.8541282123515	-4874.292602921548	-3994.438474709195	0.6788997902873082	0.5204336250293058
11840	906.8862886247629	-4889.396296021583	-3982.5100073968206	0.6997579387536751	0.6389100354152947
11860	884.9523652762049	-4870.261941918954	-3985.3095766427496	0.6828336151822567	0.4926608838532755
11880	913.5719908805219	-4892.341078901367	-3978.769088020844	0.7049166596300321	0.6194506623256624
11900	878.2530072825181	-4857.261229914284	-3979.008222631766	0.6776643574710787	0.3882027760488984
11920	913.6632909769708	-4895.027003541911	-3981.36371256494	0.7049871072353169	0.6309000202565043
11940	897.3283215905542	-4885.065436102185	-3987.7371145116313	0.6923829641902424	0.6007095811240334
11960	873.5745867721522	-4863.590574073266	-3990.015987301113	0.6740544651019691	0.41882788513677677
11980	881.7551322322473	-4876.192317998765	-3994.4371857665174	0.6803666143767338	0.4635620450661417
12000	877.4146662197293	-4867.633361043153	-3990.218694823424	0.677017489367075	0.4202112749235226
12020	893.2050379356033	-4886.280113320334	-3993.0750753847306	0.6892014181601878	0.5324646241558495
12040	906.1537735107352	-4900.818516490546	-3994.6647429798104	0.6991927264743326	0.6415632414267335
12060	884.0114379282688	-4878.294456770634	-3994.283018842365	0.6821075909940347	0.5331239357390292
12080	890.6737219478618	-4880.582670772886	-3989.9089488250247	0.6872482422437207	0.4976435957902602
12100	910.2083703630344	-4889.472749620233	-3979.264379257197	0.7023212734282673	0.5581164065511889
12120	896.5131537365571	-4873.738685187918	-3977.225531451362	0.6917539766485781	0.47478216047389044
12140	907.3331928576615	-4880.465885213378	-3973.132692355716	0.7001027722667141	0.5219532200684928
12160	896.390135419934	-4863.834135960242	-3967.444000540307	0.6916590551079738	0.42009177628103894
12180	915.1900597848689	-4883.325428766173	-3968.135368981304	0.7061651695870901	0.6166475647275662
12200	888.8329553392248	-4863.284570259981	-3974.4516149207543	0.6858278976382908	0.43999682157486947
12220	898.1493234483262	-4875.345765187677	-3977.196441739351	0.6930164532780295	0.49342145220045436
12240	861.1721775406771	-4840.835932011214	-3979.663754470536	0.6644847048924978	0.28665703763568595
12260	897.727971361009	-4877.199041792643	-3979.471070431635	0.6926913359267045	0.5171961731683093
12280	924.359172935802	-4897.327107852311	-3972.96793491651	0.7132401025739213	0.6649875331785499
12300	910.2006517894972	-4886.345822486504	-3976.1451706970065	0.7023153177388096	0.6041457000751592
12320	899.2551847100156	-4876.135969705054	-3976.88078499504	0.6938697412885921	0.5268697904259231
12340	879.1395938928135	-4858.2544390283965	-3979.114845135583	0.6783484520777883	0.37287767768836166
12360	898.5244047759304	-4869.299401902545	-3970.774997126614	0.6933058678826622	0.43833478987867364
12380	924.8739761218334	-4896.245956939089	-3971.3719808172573	0.7136373272545011	0.6488142182391629
12400	896.7637589951453	-4859.455994275946	-3962.692235280801	0.6919473449036617	0.43308771835451837
12420	880.4569257538017	-4853.7537898394385	-3973.2968640856393	0.6793649118470689	0.3689563035061427
12440	884.9448323817181	-4864.529240085168	-3979.584407703449	0.6828278027636714	0.41069925507186056
12460	893.1979332721054	-4872.404087046785	-3979.2061537746804	0.689195936166748	0.47006361963065607
12480	887.8602024881009	-4878.266908298314	-3990.406705810213	0.6850773167346459	0.4971384676935508
12500	908.9271295489483	-4900.762560556019	-3991.8354310070717	0.7013326616890032	0.651582986413116
12520	876.1173978964704	-4875.603078118421	-3999.4856802219488	0.6760165107225853	0.4691503157216957
12540	884.200216563692	-4878.698850897462	-3994.4986343337687	0.6822532535213675	0.5348497083184606
12560	898.3624965416504	-4881.914826540515	-3983.5523299988636	0.6931809386895453	0.5274231272688825
12580	906.4480148805767	-4889.930742762133	-3983.482727881556	0.6994197645683461	0.5804308927667934
12600	870.391566977002	-4862.343452275401	-3991.951885298399	0.6715984313094152	0.4236393056976427
12620	888.181727650328	-4893.0228977461	-4004.841170095772	0.6853254071375986	0.5840868337459268
12640	888.5287904734571	-4899.000584516289	-4010.471794042831	0.6855932025258157	0.619418042968337
12660	877.7823028970321	-4891.687783575256	-4013.905480678225	0.6773011596427716	0.5855704893075988
12680	873.0389924316011	-4886.77617300626	-4013.73718057466	0.6736411978638898	0.5311084428958633
12700	890.0430993090558	-4896.7484046596155	-4006.7053053505597	0.6867616507014319	0.6402825233569425
12720	885.1051793818199	-4893.937791852753	-4008.8326124709347	0.682951527300787	0.6118392593698887
12740	872.469649336835	-4881.195888133783	-4008.726238796947	0.6732018899203973	0.5108146461135388
12760	897.1980173955762	-4901.959408558402	-4004.761391162826	0.6922824208299199	0.5945721086585822
12780	873.4216663276062	-4883.504066256877	-4010.0823999292684	0.673936470931795	0.4335790453235212
12800	895.6688563297173	-4909.998493999499	-4014.329637669782	0.6911025126000903	0.6561457130570226
12820	870.046044440852	-4881.543847122461	-4011.497802681609	0.6713318244142376	0.4890021876389614
12840	891.7805688153951	-4910.253099370212	-4018.4725305548177	0.6881022907526193	0.6653369275689229
12860	868.1862028317935	-4889.586053191905	-4021.399850360112	0.6698967614442851	0.5224851714658223
12880	875.6030549088161	-4890.190113625922	-4014.5870587171057	0.6756196411333458	0.507963905784285
12900	875.278792063748	-4884.542225509299	-4009.2634334455497	0.6753694383207933	0.5042867673610179
12920	889.7323852759064	-4901.091339771447	-4011.3589544955385	0.6865219022190638	0.5802480218917936
12940	883.1163689726463	-4893.484493427369	-4010.3681244547215	0.6814169513677829	0.4999985383402298
12960	880.7846258003295	-4879.826293577144	-3999.0416677768153	0.6796177668212421	0.45065944431426086
12980	886.0172642275427	-4887.726403950068	-4001.7091397225254	0.6836552964718693	0.5213512376686457
13000	909.895297404031	-4906.728189406267	-3996.832892002235	0.7020797047870608	0.634525250047554
13020	892.7073965783571	-4884.367105067143	-3991.659708488785	0.6888174356314484	0.47493447193265464
13040	879.6716035326941	-4880.855454893512	-4001.1838513608177	0.6787589533431281	0.4395540737056865
13060	906.325755021772	-4897.300786534609	-3990.9750315128354	0.6993254282575398	0.6180191309668154
13080	915.6077561347007	-4898.6436597784395	-3983.035903643738	0.7064874661533187	0.6384871491055624
13100	880.3104984322512	-4870.191366311575	-3989.880867879324	0.679251927802663	0.42958193350511265
13120	876.0007451768706	-4872.537763308116	-3996.5370181312455	0.6759265009080794	0.4237728168252038
13140	901.3094053057479	-4883.692501698807	-3982.3830963930586	0.6954547880445587	0.5343824449536984
13160	906.6702524445521	-4885.3550374732995	-3978.6847850287463	0.6995912441701791	0.5502756842253845
13180	918.311899821997	-4900.852527466353	-3982.540627644356	0.7085739967762323	0.6579645426112724
13200	913.1657812617538	-4902.106215499692	-3988.940434237937	0.7046032262822175	0.6617399314475227
13220	905.6421623082779	-4894.773365985961	-3989.131203677686	0.6987979647440414	0.5843386624162478
13240	879.2789349636498	-4869.2817769959165	-3990.002842032267	0.6784559683361496	0.43097783869131134
13260	885.1532943756793	-4870.278612517104	-3985.125318141425	0.6829886530676537	0.45462993847668703
13280	891.7984773071869	-4875.70916598217	-3983.9106886749832	0.6881161090333232	0.4857437656079641
13300	900.2614251253132	-4882.073495993401	-3981.8120708680885	0.6946461613621243	0.5873950060885942
13320	895.2870249799369	-4886.598301834139	-3991.3112768542023	0.690807889645013	0.6152805194905875
13340	881.3123408437408	-4877.607347925351	-3996.29500708161	0.6800249543547381	0.4841767631591326
13360	873.8541898702637	-4872.083964513555	-3998.2297746432914	0.6742702082332281	0.4598160420368006
13380	871.7485334552205	-4865.209451979759	-3993.460918524538	0.6726454733450776	0.41269911563968414
13400	885.2534004860867	-4878.839014105712	-3993.5856136196257	0.6830658954367952	0.45772747933284286
13420	872.1997883016577	-4864.688610343293	-3992.4888220416333	0.6729936638130074	0.3782318959627614
13440	891.2181093140643	-4889.414506890483	-3998.1963975764183	0.6876682942238151	0.5763676181885025
13460	902.1815026184588	-4903.0188352536015	-4000.837332635144	0.6961277026376999	0.697254321140519
13480	887.4240220103377	-4886.890537767425	-3999.4665157570853	0.684740757724026	0.6342118959611877
13500	900.4906831631461	-4892.9840680338575	-3992.4933848707124	0.6948230579962547	0.6777680000507452
13520	924.3195597109959	-4897.6824926633035	-3973.3629329523064	0.7132095368140401	0.697397484876269
13540	913.7783816559288	-4883.010405963318	-3969.2320243073905	0.7050759117715498	0.6203216892179612
13560	897.6356440408188	-4865.42636327656	-3967.7907192357407	0.6926200957105083	0.49218300254632374
13580	910.3050052945197	-4856.587770185728	-3946.2827648912084	0.7023958374186107	0.42222622778557783
13600	922.3254687271207	-4858.241466244431	-3935.9159975173106	0.7116708863635192	0.46912123356109764
13620	907.7441018684492	-4842.814037589436	-3935.069935720985	0.7004198316886181	0.3989916432761263
13640	930.1620660782625	-4873.828172635596	-3943.666106557334	0.7177176435789061	0.5599527654366125
13660	919.0476058447651	-4862.675953362124	-3943.6283475173586	0.7091416711765164	0.4723858754429999
13680	917.0772152729198	-4861.694931069383	-3944.6177157964617	0.7076213080809566	0.4759769547450345
13700	924.7489530434877	-4868.836107145342	-3944.0871541018532	0.7135408588298517	0.5776063359512639
13720	916.9055533568683	-4858.564979230512	-3941.659425873644	0.707488852898818	0.48089789139800343
13740	920.0625535928133	-4855.229635116474	-3935.167081523662	0.7099248098709978	0.41204980766008764
13760	929.2050209053061	-4857.318282912764	-3928.113262007457	0.716979182797304	0.39553084733292304
13780	941.6380564111026	-4875.856593835867	-3934.218537424764	0.7265725743912828	0.4914365439505789
13800	910.3866173522345	-4843.668111648605	-3933.2814942963705	0.7024588096853661	0.31928091836590977
13820	917.5053633104401	-4854.431690361757	-3936.9263270513193	0.7079516692210184	0.39835924193233196
13840	922.3449222327897	-4847.718631655147	-3925.373709422359	0.7116858967845602	0.3605832117382203
13860	928.8856814209308	-4854.192670843597	-3925.3069894226646	0.7167327788741751	0.45780672877390016
13880	936.4156562432909	-4865.938919344839	-3929.5232631015483	0.722542944632169	0.5144962920928458
13900	934.224992611354	-4859.043172981751	-3924.818180370397	0.7208526177556743	0.4653334932933901
13920	916.3242703198606	-4841.560189215595	-3925.235918895733	0.7070403320369294	0.3629119529310705
13940	925.143095888815	-4851.583378705244	-3926.4402828164298	0.7138449813956905	0.4081860621863699
13960	937.2762451582369	-4860.365818988699	-3923.089573830462	0.7232069792887631	0.42536569164338733
13980	929.4930576483775	-4844.912631187729	-3915.4195735393528	0.7172014333706619	0.3391467992969871
14000	941.7299743685064	-4852.6297059877925	-3910.8997316192863	0.7266434987411318	0.44007984565295183
14020	934.9071194132248	-4852.012512031137	-3917.105392617912	0.7213789501645254	0.3973559700556322
14040	922.6581846130739	-4844.266148707329	-3921.6079640942544	0.711927611584162	0.29502458627527417
14060	914.6941496140322	-4848.468848855434	-3933.774699241401	0.7057825228503334	0.32305237684317933
14080	937.2558785231146	-4873.414442609771	-3936.1585640866565	0.7231912642925264	0.48452459951731824
14100	937.2720351869241	-4878.38220682508	-3941.110171638155	0.7232037308541083	0.5057118056339279
14120	952.9023393132375	-4889.026708835285	-3936.1243695220473	0.7352641507046586	0.5934799175580262
14140	917.1780636018339	-4852.019611073252	-3934.841547471418	0.7076991231495632	0.34472706359852145
14160	930.7547366827617	-4856.19705445835	-3925.44231777559	0.7181749511441063	0.39570642386295113
14180	924.0601633409154	-4849.783304248896	-3925.7231409079805	0.7130093852939162	0.3882210199482662
14200	923.7573014684515	-4847.748927779743	-3923.9916263112914	0.7127756955775089	0.35553566245447465
14220	932.5477038621132	-4853.180221158437	-3920.6325172963247	0.7195584134738529	0.40132274771768656
14240	950.2226857195525	-4877.796770994173	-3927.5740852746194	0.7331965167589141	0.6049358198444449
14260	967.1054322931852	-4880.592529750718	-3913.487097457533	0.7462233273867172	0.633446601431745
14280	952.3853379838905	-4856.903073340491	-3904.5177353566005	0.7348652299258414	0.4095953457183688
14300	937.9723465430764	-4840.803490143931	-3902.8311436008553	0.7237440945548427	0.25442942905883886
14320	953.1212102724572	-4844.452964350926	-3891.3317540784687	0.735433032617637	0.2940093620864662
14340	951.8089001034248	-4842.056353040923	-3890.247452937498	0.7344204476106673	0.30618896505696813
14360	958.7052433820866	-4842.332640655992	-3883.627397273905	0.7397417001404989	0.3561648695663168
14380	943.9356287799028	-4834.799043975826	-3890.863415195922	0.7283453925770856	0.3052750480671793
14400	962.5965760142968	-4856.657629165527	-3894.0610531512298	0.7427442716159701	0.4420698834211191
14420	963.9494362735195	-4857.765000837875	-3893.8155645643565	0.7437881452727775	0.4098647881993064
14440	943.4524113544788	-4829.735225797247	-3886.2828144427685	0.7279725396253693	0.2152110978961112
14460	968.5640597777762	-4857.14191647859	-3888.5778567008138	0.7473488115569262	0.43447468753323293
14480	943.2921209817956	-4833.381636291909	-3890.089515310113	0.7278488587822498	0.23167678630498748
14500	934.4292207406503	-4833.940024004377	-3899.5108032637254	0.7210102011887732	0.2924646083978361
14520	925.1979445358102	-4824.747519819828	-3899.549575284017	0.7138873028825696	0.2361903884132223
14540	967.9700741973145	-4865.892907672724	-3897.9228334754102	0.7468904893497796	0.484588282513071
14560	967.9302259846611	-4863.449473244112	-3895.519247259451	0.7468597422721147	0.47551395843636246
14580	977.2809575770455	-4869.245556652108	-3891.9645990750614	0.754074812945251	0.4935811205947308
14600	969.7464770708239	-4865.647875569654	-3895.9013984988305	0.7482611705793393	0.4827125948239274
14620	934.0887229502545	-4849.250934061934	-3915.162211111679	0.7207474714122334	0.40477919028503406
14640	943.2321738402532	-4862.879578663798	-3919.6474048235455	0.7278026032718004	0.48220895149509857
14660	933.6439184869976	-4859.076164108231	-3925.4322456212335	0.7204042580918191	0.44922948477074726
14680	926.7937416410866	-4863.744578749055	-3936.950837107969	0.7151186278094805	0.4477869122348073
14700	917.770156963557	-4865.737169521689	-3947.9670125581324	0.7081559853113867	0.46042123370203625
14720	897.9879592324365	-4842.815686876557	-3944.827727644121	0.6928919438521887	0.31312089798187837
14740	918.9777995004199	-4855.375822147712	-3936.398022647293	0.7090878082564969	0.40355410668964276
14760	938.5714744200634	-4879.586039238294	-3941.0145648182306	0.7242063845833822	0.6020837634301179
14780	931.1644134237176	-4853.016891656137	-3921.8524782324203	0.7184910597405227	0.4210431199790802
14800	934.7167756929699	-4849.796357882298	-3915.0795821893275	0.7212320800100076	0.39046571729244184
14820	927.6046503832579	-4847.871956345656	-3920.267305962397	0.7157443289994274	0.31373535428440413
14840	925.5598203772473	-4853.8024050997865	-3928.2425847225395	0.7141665280688635	0.386332331265077
14860	946.8523189331885	-4857.454399810093	-3910.6020808769035	0.7305959251027687	0.42821870629719105
14880	960.6792718576156	-4862.202290646044	-3901.5230187884285	0.7412648702605059	0.44147362754837854
14900	942.7671910483081	-4852.384649347186	-3909.6174582988774	0.7274438202533242	0.3534973891527827
14920	964.7715417012274	-4870.806392043012	-3906.0348503417845	0.7444224858805769	0.4744135979397052
14940	934.8914529788817	-4844.0072059603535	-3909.115752981471	0.7213668618664213	0.2977986966600518
14960	950.9580897059762	-4856.831026877105	-3905.8729371711283	0.7337639581064631	0.39087856812535293
14980	929.1193095395862	-4836.24996672799	-3907.1306571884043	0.7169130474842484	0.2778538509279628
15000	945.7725841095523	-4853.2330864841	-3907.460502374547	0.7297627963808277	0.3816184475420762
15020	950.9560607461242	-4856.468098126175	-3905.5120373800514	0.7337623925510218	0.4128285487924086
15040	936.7609863248215	-4844.709895781478	-3907.948909456657	0.722809403028412	0.343608006245772
15060	956.3155791237026	-4857.262901450685	-3900.947322326984	0.7378978233979188	0.4586973729113385
15080	955.7445321431496	-4858.450965872609	-3902.7064337294605	0.7374572007277388	0.46354066645009306
15100	957.5189414942827	-4853.011628730358	-3895.492687236076	0.7388263437455886	0.379430821528283
15120	934.4041863160579	-4830.502088153777	-3896.0979018377197	0.720990884503131	0.20340641951192487
15140	950.3522568588023	-4837.125505880783	-3886.7732490219796	0.7332964944898165	0.25757686069558633
15160	956.4380233813284	-4836.740633785821	-3880.302610404492	0.7379923019917657	0.34772390870044456
15180	954.2791652980943	-4849.007297353647	-3894.728132055553	0.7363265164337147	0.4441719059012351
15200	953.9858825961601	-4844.784532308932	-3890.7986497127713	0.7361002180525927	0.38974831027329254
15220	956.9881682526315	-4853.516450931082	-3896.5282826784487	0.738416796491228	0.4231145960614845
15240	946.9189108346843	-4849.176247133228	-3902.2573362985436	0.7306473077428121	0.3838468964934671
15260	927.1889814931003	-4837.044709425258	-3909.8557279321576	0.7154235968310958	0.29888165007845147
15280	923.1451251438269	-4843.230173137545	-3920.085047993717	0.7123033373023355	0.37453282254060516
15300	929.8434792759572	-4851.927877462082	-3922.0843981861244	0.7174718204289793	0.4656739763949996
15320	933.829894481593	-4858.592126031444	-3924.762231549852	0.7205477580876487	0.47810930224394016
15340	939.3375316762782	-4861.021296288791	-3921.683764612512	0.7247974781452764	0.4620426830511405
15360	911.2844114692468	-4844.320778762879	-3933.036367293632	0.7031515520596043	0.33532550658788335
15380	918.1362733667165	-4853.454966283108	-3935.3186929163917	0.7084384825360467	0.3798914710943377
15400	954.676647094074	-4881.140159996974	-3926.4635129028998	0.7366332153503657	0.6092320221786347
15420	935.4320193392256	-4866.831467633914	-3931.39944829469	0.7217839655395262	0.5195089381616358
15440	915.8834404512003	-4844.2743518570005	-3928.390911405799	0.7067001855333335	0.3456598580818159
15460	933.4384398132031	-4864.046443011341	-3930.6080031981387	0.7202457097324099	0.5138732000854328
15480	921.4722876187989	-4868.0358684547555	-3946.563580835957	0.7110125676070981	0.4995243579058485
15500	917.2291310873079	-4854.486234360388	-3937.257103273079	0.7077385270735401	0.3705808362963504
15520	927.1780723125618	-4873.5571513531595	-3946.379079040599	0.7154151792535196	0.45808814023473926
15540	898.8559955391478	-4845.548690225008	-3946.69269468586	0.6935617249530461	0.2778126068124332
15560	925.2678592845807	-4872.509428569443	-3947.2415692848635	0.7139412494479791	0.48530062665657814
15580	898.8880941227424	-4849.453084582505	-3950.564990459762	0.6935864923786592	0.3807378755179074
15600	905.9393562764811	-4862.368948124905	-3956.4295918484227	0.6990272810775318	0.42915384595920525
15620	909.9659720591338	-4867.898802881021	-3957.9328308218874	0.7021342376999492	0.5208350794398349
15640	932.0436355610442	-4890.962702479459	-3958.9190669184145	0.7191694718835218	0.6596032237212657
15660	913.2870291970718	-4874.197359766103	-3960.910330569031	0.704696781787864	0.5405391846118338
15680	907.1975353748218	-4869.812045881078	-3962.614510506256	0.6999980982830415	0.46014571465494125
15700	904.5687873400113	-4869.784546194811	-3965.2157588548	0.6979697433179097	0.4269338895786712
15720	893.2686993464731	-4855.342004556583	-3962.0733052101095	0.6892505396191924	0.39271490010867743
15740	884.2458912885755	-4865.63893234336	-3981.3930410547837	0.6822884963646415	0.42306071061765255
15760	874.7348428324894	-4865.907757286275	-3991.172914453785	0.6749497244077853	0.4104032689758183
15780	877.6102075013365	-4870.087665027289	-3992.477457525953	0.6771683699855992	0.4501139843089909
15800	874.7124600190369	-4870.4441578881	-3995.731697869063	0.6749324537183927	0.4601735606183325
15820	874.3132707450826	-4872.142387821357	-3997.829117076274	0.6746244373033047	0.472422102990381
15840	888.9696428553127	-4884.552453275113	-3995.582810419802	0.6859333664007043	0.5789797911380197
15860	886.247628564003	-4881.088393693004	-3994.8407651290013	0.6838330467314837	0.5607679621584278
15880	899.7413844472081	-4884.095939317378	-3984.3545548701695	0.6942448954067963	0.5997116958486614
15900	889.6517735818568	-4870.663079502736	-3981.011305920878	0.6864597018378527	0.5057885463032592
15920	898.8697587653269	-4883.659628316907	-3984.789869551581	0.6935723447263328	0.5128535016328428
15940	893.2170839818834	-4879.325441931066	-3986.1083579491838	0.6892107129489842	0.4854250522013235
15960	901.6133607751462	-4899.9349192761865	-3998.321558501041	0.695689321585761	0.5575011095267797
15980	880.764040137675	-4889.732826310977	-4008.9687861733014	0.6796018828222802	0.4881831508782861
16000	873.7397287777954	-4886.536369398049	-4012.796640620253	0.6741818894890396	0.5137324760447491
16020	863.8481743818251	-4873.082179766967	-4009.2340053851417	0.6665495172699268	0.43662926685074277
16040	890.1439482837526	-4899.599411539842	-4009.455463256089	0.6868394662683277	0.6326771245570231
16060	863.4319274066029	-4880.838991357306	-4017.4070639507045	0.6662283390483046	0.5195513931493809
16080	878.4590728746198	-4902.931269734164	-4024.472196859544	0.6778233586995525	0.6674099541177432
16100	869.4321461101141	-4883.41594201539	-4013.983795905276	0.6708581374306437	0.5197396881569856
16120	889.6732849336507	-4894.392763012133	-4004.719478078481	0.6864763001031255	0.5744664351095697
16140	902.823375935611	-4912.952927547344	-4010.129551611734	0.6966229752589589	0.7110485304210934
16160	879.9804665542297	-4881.660379969942	-4001.679913415713	0.6789972735757945	0.5289001692883811
16180	885.7332688696894	-4885.8614695170045	-4000.1282006473148	0.6834361642513034	0.5585346127567282
16200	904.3057693684457	-4890.146773998318	-3985.841004629872	0.6977667973521959	0.5688123821728739
16220	912.6295642927159	-4895.29173996057	-3982.662175667855	0.7041894786209231	0.5927137126595708
16240	910.9674626911061	-4886.7537276938365	-3975.7862650027323	0.7029069928172116	0.5529329973752385
16260	909.1938959121547	-4878.514842037445	-3969.320946125291	0.7015384999322181	0.4682723250734827
16280	893.0528174150646	-4852.790932183099	-3959.7381147680344	0.6890839640548339	0.2705712784760682
16300	900.059607466518	-4856.22162082642	-3956.1620133599017	0.6944904378599676	0.2843833192778752
16320	913.6694844301243	-4857.0711755167185	-3943.401691086595	0.7049918861343553	0.3283839626255183
16340	930.5240542398354	-4867.900813516506	-3937.376759276671	0.7179969554319718	0.3988816933547145
16360	905.7604182509738	-4847.16080662365	-3941.4003883726755	0.6988892116134057	0.3159030675261908
16380	917.6754394410149	-4859.373864240353	-3941.6984247993378	0.7080829008032523	0.3929829632279688
16400	922.447917180896	-4851.592058794378	-3929.144141613483	0.7117653681951355	0.32443004637620143
16420	934.4936698148498	-4856.038393433022	-3921.5447236181726	0.7210599304126928	0.40732444713611154
16440	951.1500155884991	-4859.181550107858	-3908.0315345193603	0.7339120490651998	0.41341182125259934
16460	954.2930045775923	-4860.377946623796	-3906.0849420462027	0.7363371948901176	0.40800948891819677
16480	931.9563652464558	-4835.5316792288295	-3903.575313982373	0.7191021336778209	0.24832631650571924
16500	946.2511035084451	-4843.9857447469385	-3897.734641238494	0.7301320243120718	0.3452272068562022
16520	939.1816658923411	-4832.128391012675	-3892.946725120334	0.7246772113366832	0.2826455218439189
16540	935.8842015882523	-4816.0878203070915	-3880.203618718841	0.7221328715958737	0.1735757777088253
16560	954.7777097410835	-4841.673384544754	-3886.895674803669	0.7367111957878729	0.32880927824562034
16580	954.8373663282395	-4861.265496433118	-3906.4281301048786	0.7367572271051231	0.4485463580351977
16600	896.6105736019617	-4807.552555376588	-3910.9419817746266	0.6918291462978098	0.11235530042891831
16620	922.7100071922338	-4834.361636033117	-3911.6516288408834	0.7119675981421556	0.2454689081122134
16640	937.282043152595	-4861.3891543137415	-3924.107111161148	0.7232114530498419	0.3969848916754778
16660	925.0217440489635	-4848.086411216481	-3923.0646671675177	0.7137513457167926	0.3478314076731965
16680	922.1925597208385	-4845.596781277692	-3923.404221556853	0.7115683331179309	0.35526021991730083
16700	947.9057287632938	-4870.027721561081	-3922.1219927977872	0.7314087413297021	0.48728798858460143
16720	921.1881007604354	-4849.851920445673	-3928.6638196852377	0.7107932876237928	0.3263450326959395
16740	914.6026817849154	-4842.937254168255	-3928.3345723833395	0.705711945821694	0.341500217824402
16760	933.294618068024	-4859.089805188254	-3925.7951871202304	0.7201347361635987	0.45898504036479004
16780	914.3419096589812	-4844.566121998609	-3930.2242123396254	0.7055107327615597	0.36017856161811757
16800	917.9112398920394	-4849.916224390117	-3932.0049844980763	0.7082648455957095	0.4054883094232121
16820	918.7370764572897	-4848.970837036597	-3930.233760579308	0.7089020651676619	0.4354599229163675
16840	927.8006216243036	-4850.439889589981	-3922.6392679656774	0.7158955413767776	0.42908969055596213
16860	924.2433450747465	-4843.606445267005	-3919.3631001922595	0.7131507292243414	0.3406772173932312
16880	929.9066676789453	-4852.305810158216	-3922.399142479272	0.7175205769127666	0.3685578938105973
16900	937.2140487308022	-4867.83727857578	-3930.623229844976	0.7231589882182118	0.47941793180675596
16920	931.116013629475	-4861.522986296361	-3930.4069726668868	0.7184537142202742	0.4542231601175639
16940	934.7345829350027	-4859.2705014771145	-3924.535918542112	0.721245820165897	0.46543773921344195
16960	928.6293245286328	-4851.714542886968	-3923.085218358334	0.7165349726301179	0.42692225322796207
16980	936.3084958629557	-4858.3942947576825	-3922.085798894728	0.7224602591535153	0.45072638442174
17000	895.5999039936085	-4825.936081332519	-3930.3361773389115	0.6910493086370437	0.19862815302355336
17020	909.6145169951335	-4843.5156356278985	-3933.9011186327652	0.7018630532369856	0.2909988930887833
17040	941.1025664949372	-4877.0571707466415	-3935.9546042517045	0.7261593877275749	0.4520542751661935
17060	922.5309780936288	-4858.874870683291	-3936.343892589661	0.711829458405578	0.34124754886230335
17080	918.2769494189463	-4854.785824583751	-3936.5088751648036	0.7085470288726438	0.34862872639231113
17100	913.1760028108068	-4853.530105890881	-3940.3541030800734	0.7046111132799437	0.3679945788270901
17120	937.2872536402562	-4886.709877423508	-3949.4226237832527	0.723215473487852	0.5780299124930169
17140	919.7352919016727	-4868.702775097566	-3948.967483195892	0.7096722931340066	0.45782632523516165
17160	887.6487746144983	-4837.764365940779	-3950.115591326282	0.6849141779432858	0.2283273517883399
17180	881.8427313283739	-4834.796546042542	-3952.9538147141693	0.6804342062718935	0.23491562897640525
17200	910.044960486059	-4873.370340455241	-3963.325379969181	0.702195185560231	0.5066345741476082
17220	897.1948703683335	-4853.458927135669	-3956.264056767336	0.6922799925681586	0.40287281290982746
17240	927.5769148272387	-4879.398297631522	-3951.8213828042835	0.7157229281074372	0.5384104244353425
17260	898.2534461716302	-4861.801083546514	-3963.547637374884	0.6930967948855171	0.3877370866682681
17280	899.4304652542181	-4869.681412471191	-3970.250947216974	0.6940049886220819	0.4511930931909404
17300	880.216105370447	-4867.428642159562	-3987.2125367891144	0.679179093650036	0.4458703580483399
17320	883.6508972976133	-4877.941196151993	-3994.2902988543783	0.6818293960629732	0.4801696915258401
17340	891.7976592804816	-4883.387311819259	-3991.589652538777	0.6881154778398778	0.5275092913507715
17360	898.8605642168901	-4882.258750976836	-3983.398186759947	0.6935652501673536	0.5440088741370781
17380	883.9168769271561	-4870.667242935164	-3986.7503660080088	0.6820346272586082	0.4356220695005145
17400	901.934702578084	-4888.474177802321	-3986.539475224237	0.6959372705077809	0.5563494394053535
17420	885.232287246771	-4875.929531257776	-3990.6972440110053	0.6830496043570765	0.5184077438605235
17440	891.6622119612372	-4886.594379950749	-3994.9321679895097	0.688010966019473	0.5868064655811266
17460	887.5208861065285	-4870.729551666724	-3983.2086655601934	0.684815498538988	0.4875838685057604
17480	911.5475286764153	-4885.881567444738	-3974.334038768321	0.7033545745959995	0.5916653754521668
17500	920.3650162631795	-4878.328444418345	-3957.9634281551653	0.7101581915610952	0.5474858456936391
17520	907.6424464820111	-4865.325390168903	-3957.6829436868916	0.7003413938904408	0.4200639919911618
17540	928.4551225237516	-4888.375478816621	-3959.9203562928683	0.7164005575028947	0.5329621581532188
17560	914.8758930092788	-4879.0677505152	-3964.191857505921	0.705922756951604	0.4636168780475825
17580	890.2481323301987	-4863.2235390903825	-3972.975406760185	0.6869198551930548	0.376889770930251
17600	876.2347670268097	-4866.5318303488175	-3990.2970633220066	0.6761070733231554	0.4100063414382994
17620	916.1169045045888	-4896.971672281565	-3980.8547677769757	0.7068803275498372	0.6331639976197775
17640	928.6420287775394	-4897.214134436649	-3968.572105659108	0.7165447752913111	0.6537943414084031
17660	891.1501757704182	-4853.432215483408	-3962.2820397129885	0.6876158763660636	0.38296943478390266
17680	928.3914469093434	-4886.8368867356985	-3958.445439826354	0.7163514250843697	0.592700055898703
17700	912.4082293203335	-4876.705831807406	-3964.297602487071	0.7040186954632206	0.5077175057643085
17720	886.2290864668463	-4846.124252645218	-3959.895166178371	0.6838187395577519	0.34011396487436907
17740	918.2107401659554	-4882.4933779168405	-3964.282637750885	0.708495941486077	0.5488837632492933
17760	904.4972350601741	-4856.51841176805	-3952.0211767078763	0.697914533225443	0.3895368919176968
17780	917.9345557912704	-4869.033788343571	-3951.0992325523002	0.7082828362586964	0.48891854989974404
17800	908.6150697486697	-4872.986466448505	-3964.3713966998343	0.7010918748060722	0.47553166493811283
17820	914.3436116849771	-4889.199481494168	-3974.8558698091897	0.7055120460532229	0.5524659203915288
17840	893.8874108991189	-4871.423869387725	-3977.5364584886056	0.6897279405085792	0.4294291059951993
17860	892.8863575142444	-4885.75726502382	-3992.8709075095767	0.6889555227733368	0.5468504482758673
17880	889.3214559927985	-4883.403248201122	-3994.081792208324	0.6862048271549371	0.5232537231291474
17900	890.9622639673155	-4876.313663490256	-3985.3513995229396	0.68747088269083	0.48270867467267786
17920	888.2501143280997	-4875.034773699837	-3986.784659371738	0.6853781746358794	0.5021423004666195
17940	891.4050718424938	-4872.860489866793	-3981.4554180242994	0.687812555434023	0.5206208912327549
17960	905.274141245299	-4874.867884245852	-3969.593743000553	0.6985139978744591	0.48131218967367195
17980	900.0592586340368	-4865.223648428274	-3965.1643897942376	0.6944901686991025	0.4459326922961532
18000	900.2895886674833	-4869.787356119863	-3969.49776745238	0.6946678924903422	0.5082485450875495
18020	897.6605486595784	-4870.322965089031	-3972.6624164294526	0.6926393122373289	0.48026697329732526
18040	905.2615876151234	-4867.832803334265	-3962.5712157191433	0.6985043114314223	0.4691019631443984
18060	923.7335839355426	-4881.159721898781	-3957.4261379632385	0.7127573950119925	0.5675351625194791
18080	919.7275393299121	-4874.494562311106	-3954.767022981193	0.7096663112113519	0.5626841352106857
18100	923.1840321469078	-4872.754797546123	-3949.570765399215	0.7123333581380462	0.5709649556558698
18120	909.9217099192017	-4865.6248210037	-3955.703111084499	0.7021000848141987	0.5219913949558547
18140	902.2613494399278	-4869.066000762301	-3966.8046513223717	0.6961893128394505	0.5268190047791107
18160	920.3088829030974	-4887.9485976059395	-3967.6397147028415	0.7101148787832542	0.6629343570532158
18180	917.2119381521304	-4883.095410085002	-3965.8834719328725	0.7077252609198537	0.6007237175094549
18200	902.2664644435047	-4858.049080247344	-3955.7826158038392	0.6961932596014695	0.37464349511441064
18220	923.2513633126749	-4865.155709409599	-3941.9043460969247	0.7123853111980515	0.4115743339538101
18240	914.332899077488	-4853.887123403311	-3939.554224325824	0.7055037801523827	0.3910185601870233
18260	936.874087934809	-4880.270360098319	-3943.3962721635085	0.7228966727892046	0.5622811386192536
18280	927.2162140379093	-4873.539868605014	-3946.3236545671048	0.7154446095971522	0.4670843146313438
18300	918.8111858873921	-4856.693175806583	-3937.8819899191913	0.7089592483699012	0.3562462930627916
18320	912.636292081315	-4848.073232477165	-3935.4369403958503	0.7041946698158295	0.35604840400602356
18340	924.5300546213184	-4858.2214352271885	-3933.6913806058715	0.7133719557263258	0.39737136649736166
18360	932.1879989667407	-4876.834059854692	-3944.6460608879524	0.7192808634002628	0.5082152224646236
18380	918.0055204227665	-4858.9361658480975	-3940.930645425331	0.7083375929188012	0.36751056631229473
18400	910.7786489538197	-4849.405152919132	-3938.626503965313	0.7027613032051078	0.3125417111873816
18420	917.4027157728533	-4850.313518744504	-3932.910802971651	0.7078724658741151	0.3178563541917991
18440	952.6605432278018	-4885.066428900955	-3932.4058856731526	0.735077579651082	0.5552755041465463
18460	920.2960578454486	-4856.203123645999	-3935.907065800551	0.7101049829054386	0.3474503846959279
18480	924.7048961351423	-4859.162756612145	-3934.457860477002	0.7135068643018074	0.3804467109561655
18500	931.4184865895486	-4853.540474608561	-3922.1219880190138	0.7186871038499606	0.3824381899104862
18520	932.4461887405105	-4859.1988184760285	-3926.752629735519	0.7194800839047152	0.425397850031578
18540	928.6915122015644	-4852.804410618031	-3924.1128984164666	0.7165829569456516	0.3866493439935224
18560	936.18815686383	-4855.049799532562	-3918.861642668733	0.722367404987523	0.38367191338780005
18580	950.9560262124041	-4864.996204412093	-3914.040178199689	0.7337623659046328	0.4383441643969732
18600	925.7763177888179	-4847.415991056116	-3921.6396732672983	0.7143335785407545	0.33883081510776264
18620	925.5308705608462	-4850.938350680271	-3925.4074801194233	0.7141441902475665	0.39690543330851774
18640	916.4324019858216	-4846.896199066237	-3930.4637970804165	0.7071237669643685	0.38356785713189473
18660	914.6263615664795	-4850.065065426161	-3935.4387038596806	0.7057302172580862	0.4061615711524955
18680	915.0083414774197	-4838.963455961942	-3923.955114484521	0.706024954843688	0.3680078381806967
18700	934.3905277127166	-4858.9225377097355	-3924.532009997017	0.7209803454573431	0.44623441507087325
18720	925.012902338879	-4844.897588929502	-3919.8846865906226	0.7137445234096289	0.3486225103699109
18740	947.6284597510315	-4860.763457419484	-3913.1349976684514	0.7311947991906107	0.44537612199204685
18760	985.1257870409152	-4882.090808938721	-3896.965021897806	0.7601279220994718	0.628173649426697
18780	968.1735570682998	-4863.333576440268	-3895.1600193719687	0.7470474977378856	0.48154149097873233
18800	959.0585557959112	-4846.758868796065	-3887.700313000154	0.7400143177437587	0.38254286275203747
18820	939.7840324078292	-4830.983129699799	-3891.1990972919693	0.7251420003146831	0.27365826037972224
18840	915.00387871647	-4816.745720542254	-3901.741841825785	0.706021511355301	0.19253170895976737
18860	944.7201395533318	-4859.926954529495	-3915.2068149761626	0.7289507249639906	0.4852305124387434
18880	929.0102884049099	-4844.57610729088	-3915.5658188859684	0.7168289262383566	0.38352145500334894
18900	927.0620564644811	-4840.419439807503	-3913.3573833430223	0.7153256608522229	0.3190612595899306
18920	941.0715615770766	-4850.513320811215	-3909.441759234138	0.726135464179843	0.3449044998369925
18940	935.456785110772	-4848.07238577431	-3912.6156006635383	0.7218030749311513	0.3652411867500151
18960	932.0829284494706	-4848.488541682296	-3916.405613232825	0.7191997904702705	0.35524608816946057
18980	927.506027143897	-4843.5118084398155	-3916.0057812959194	0.715668230820908	0.31569580034705147
19000	917.3588066401455	-4829.45874996959	-3912.099943329444	0.7078385853704825	0.24411886423096343
19020	940.8945821583413	-4850.060718289462	-3909.1661361311208	0.7259989059863745	0.3927244892478611
19040	932.4559330649245	-4842.399419449606	-3909.9434863846827	0.7194876026735526	0.3164680619159244
19060	960.2052296940567	-4852.198749863238	-3891.993520169183	0.7408990969861549	0.3989360061397239
19080	951.3781804606576	-4838.026345806104	-3886.6481653454466	0.7340881022072975	0.27849463691155846
19100	953.1779136684966	-4837.524177317414	-3884.346263648918	0.7354767852380373	0.22966918610357143
19120	942.3938391357906	-4827.579524368747	-3885.185685232956	0.7271557400739127	0.17766076374854942
19140	958.130462478752	-4842.644748770961	-3884.5142862922103	0.7392981963570618	0.2617901283071032
19160	974.1767129191958	-4854.577067777744	-3880.4003548585483	0.7516795624376511	0.35428107695454053
19180	963.7327068591323	-4845.049709537193	-3881.31700267806	0.7436209157863671	0.3048626707455101
19200	960.9165049340876	-4835.685436137984	-3874.7689312038965	0.741447920473833	0.2840087546504403
19220	979.5307702322591	-4858.777957561732	-3879.2471873294735	0.7558107795002	0.44453142704615234
19240	975.5799132481461	-4855.773003643437	-3880.1930903952925	0.7527622787408536	0.458575378992607
19260	955.966258927303	-4837.241448943071	-3881.275190015768	0.7376282862093387	0.34399473126051794
19280	935.7157930741874	-4820.936400030949	-3885.2206069567605	0.7220029267547742	0.20635426064495746
19300	945.3364223598334	-4829.5169301263495	-3884.180507766516	0.729426251820859	0.2916270651126408
19320	953.0981121098924	-4838.427648943895	-3885.329536834003	0.7354152099613368	0.3794418792464206
19340	965.679493760691	-4852.10174941768	-3886.422255656989	0.7451230661733723	0.4514585232314129
19360	967.3396904233484	-4861.776092785199	-3894.436402361852	0.7464040821167812	0.5157642602453963
19380	949.7497974989128	-4861.904204872262	-3912.1544073733494	0.7328316338726178	0.5119940258007681
19400	927.435444479469	-4845.788587411683	-3918.353142932214	0.7156137688884793	0.39693975183956987
19420	915.7718279144294	-4842.678080341103	-3926.906252426673	0.7066140647487882	0.3117991138603637
19440	919.8219330959644	-4841.142217206738	-3921.320284110773	0.7097391459073801	0.31657783356357433
19460	926.1609847347487	-4848.045494135582	-3921.8845094008334	0.7146303894558247	0.4206520422846868
19480	932.3712451328453	-4858.677948654489	-3926.3067035216436	0.7194222570469484	0.4754411931319512
19500	914.5827129057365	-4849.214464608421	-3934.6317517026846	0.7056965377359078	0.3778138408067531
19520	912.2696252175296	-4845.0256740567065	-3932.7560488391755	0.7039117478530319	0.36898257457940103
19540	928.9320806763687	-4852.101612696415	-3923.169532020045	0.7167685807688029	0.41741313723202167
19560	929.4024893201771	-4854.97415288877	-3925.571663568592	0.7171315504013712	0.3862001878988869
19580	936.4821254025192	-4866.60785625793	-3930.1257308554113	0.7225942325636721	0.4673510624972212
19600	925.4889800807099	-4853.749534214344	-3928.260554133635	0.714111867346227	0.4522462272491784
19620	935.760775481024	-4853.829334283352	-3918.0685588023275	0.7220376354020249	0.40052053820448
19640	941.2219705052839	-4856.248102952716	-3915.0261324474313	0.7262515204516079	0.413712835216423
19660	946.807958365823	-4859.230805554134	-3912.4228471883116	0.7305616962699251	0.4377393632873822
19680	927.7088772133053	-4841.988530841853	-3914.279653628548	0.7158247509361926	0.3211554547912358
19700	912.4428440208042	-4838.460959701796	-3926.0181156809913	0.7040454043370402	0.29839558610815525
19720	907.7807136037133	-4830.665903599713	-3922.885189995999	0.7004480814843468	0.28232157736014296
19740	948.921406315167	-4865.338406560976	-3916.4170002458086	0.7321924431444191	0.4723007113263236
19760	950.324676873451	-4858.362112945614	-3908.0374360721644	0.733275213636922	0.4297779292982544
19780	943.134378944132	-4848.2546262823535	-3905.1202473382205	0.7277271442470155	0.3930801903993971
19800	941.9792146209724	-4850.6399899111475	-3908.6607752901755	0.7268358137507505	0.39117851101661144
19820	923.7622075591578	-4849.508328752372	-3925.7461211932155	0.7127794811413253	0.35130832424764785
19840	940.4554126854607	-4875.769533214918	-3935.3141205294583	0.725660040652362	0.5407889062657756
19860	910.9846136046419	-4850.686448674346	-3939.7018350697044	0.7029202265467915	0.41157122225681464
19880	922.578095361819	-4852.332279480958	-3929.754184119139	0.711865814322391	0.41160980931038826
19900	932.0576349357871	-4859.159118103926	-3927.1014831681387	0.7191802738702061	0.456712335122195
19920	940.8623251969236	-4869.2076933822755	-3928.345368185352	0.725974016355651	0.5199930912647557
19940	924.6022653972886	-4858.6425732481	-3934.0403078508125	0.7134276739176613	0.4523855920099569
19960	941.7871426381911	-4882.460146241526	-3940.673003603334	0.7266876100603328	0.610962875472988
19980	907.1715626107365	-4843.313811196027	-3936.1422485852913	0.699978057570013	0.33101902581873033
20000	922.6193163170853	-4848.323256627174	-3925.70394031009	0.7118976206150349	0.35335773605197573
